### DATA:
#
# 559
#      Q             I(Q)           Error     
9.37199723E-03  4.79236538E-04  1.18823157E-04
9.89266274E-03  3.58044986E-04  1.11827565E-04
1.04133281E-02  4.19672258E-04  9.48471523E-05
1.09339933E-02  4.07080486E-04  8.39550319E-05
1.14546582E-02  1.76859009E-04  7.17644071E-05
1.19753230E-02  3.70636457E-04  6.62765626E-05
1.24959877E-02  2.41493956E-04  5.64769150E-05
1.30166521E-02  2.97897987E-04  4.74656611E-05
1.35373162E-02  2.76571294E-04  4.54568359E-05
1.40579802E-02  2.80831454E-04  3.73214548E-05
1.45786439E-02  2.62966807E-04  3.27374565E-05
1.50993074E-02  2.09721211E-04  2.95684993E-05
1.56199707E-02  2.87586460E-04  2.61829257E-05
1.61406336E-02  2.63460130E-04  2.76894665E-05
1.66612964E-02  2.17026957E-04  2.46076112E-05
1.71819588E-02  2.79956082E-04  2.35139258E-05
1.77026210E-02  2.42148144E-04  2.28404607E-05
1.82232828E-02  2.12976501E-04  1.98433966E-05
1.87439444E-02  2.53903602E-04  2.04810866E-05
1.92646056E-02  2.27195799E-04  1.86124485E-05
1.97852666E-02  2.57413851E-04  1.99903736E-05
2.03059272E-02  2.32354860E-04  1.72302355E-05
2.08265875E-02  2.43383733E-04  1.76710441E-05
2.13472474E-02  2.11658639E-04  1.76867913E-05
2.18679070E-02  2.65112847E-04  1.68277339E-05
2.23885662E-02  2.31434165E-04  1.67036801E-05
2.29092251E-02  2.29748022E-04  1.65990962E-05
2.34298835E-02  1.93300235E-04  1.45878094E-05
2.39505416E-02  2.30918617E-04  1.57241730E-05
2.44711993E-02  2.60569498E-04  1.46169786E-05
2.49918566E-02  2.17684217E-04  1.39739321E-05
2.55125135E-02  2.15203223E-04  1.33863443E-05
2.60331699E-02  2.36695922E-04  1.30504382E-05
2.65538260E-02  2.23387097E-04  1.28822369E-05
2.70744815E-02  2.16646973E-04  1.22210038E-05
2.75951367E-02  1.83074504E-04  1.11088030E-05
2.81157914E-02  1.96108879E-04  1.14491083E-05
2.86364456E-02  1.97141314E-04  1.13535796E-05
2.91570993E-02  2.00731917E-04  1.12180002E-05
2.96777526E-02  1.99534976E-04  1.09729707E-05
3.01984054E-02  1.99829924E-04  1.06418789E-05
3.07190577E-02  2.05757043E-04  1.03163256E-05
3.12397095E-02  1.83112668E-04  1.04098378E-05
3.17603607E-02  2.05984957E-04  9.99743393E-06
3.22810114E-02  1.90688150E-04  9.89543116E-06
3.28016617E-02  2.03989765E-04  9.71891580E-06
3.33223113E-02  1.88342801E-04  9.23951089E-06
3.38429604E-02  1.93555839E-04  9.34562000E-06
3.43636090E-02  1.75533284E-04  8.23259131E-06
3.48842570E-02  1.93108703E-04  8.66231223E-06
3.54049044E-02  1.72797903E-04  8.27093204E-06
3.59255512E-02  1.71640521E-04  8.14945563E-06
3.64461975E-02  1.77415042E-04  8.44829895E-06
3.69668431E-02  1.71665076E-04  7.77176224E-06
3.74874881E-02  1.77329843E-04  7.83669922E-06
3.80081325E-02  1.56496750E-04  7.45483020E-06
3.85287763E-02  1.63683076E-04  7.67382907E-06
3.90494195E-02  1.57543916E-04  7.38684914E-06
3.95700620E-02  1.65831888E-04  7.27192942E-06
4.00907038E-02  1.72666441E-04  7.53119554E-06
4.06113450E-02  1.49423691E-04  7.08456052E-06
4.11319855E-02  1.63289456E-04  7.17440483E-06
4.16526253E-02  1.54097238E-04  6.87424086E-06
4.21732645E-02  1.51700739E-04  6.71843307E-06
4.26939030E-02  1.48820660E-04  6.79338317E-06
4.32145407E-02  1.45027163E-04  6.36774618E-06
4.37351778E-02  1.47880630E-04  6.46612819E-06
4.42558141E-02  1.43319299E-04  6.06648760E-06
4.47764497E-02  1.41379718E-04  6.22727053E-06
4.52970845E-02  1.36669462E-04  6.15286622E-06
4.58177186E-02  1.29715894E-04  5.73658317E-06
4.63383520E-02  1.40310133E-04  5.81010808E-06
4.68589845E-02  1.43236660E-04  5.69099495E-06
4.73796164E-02  1.45687666E-04  5.98160678E-06
4.79002474E-02  1.38142204E-04  5.75947348E-06
4.84208776E-02  1.29654416E-04  5.61572160E-06
4.89415071E-02  1.24750329E-04  5.76099019E-06
4.94621357E-02  1.16963581E-04  5.43092810E-06
4.99827635E-02  1.39941649E-04  5.73742305E-06
5.05033905E-02  1.24293140E-04  5.54548330E-06
5.10240167E-02  1.19347508E-04  5.57626767E-06
5.15446420E-02  1.22404511E-04  5.37121454E-06
5.20652665E-02  1.17007101E-04  5.20935587E-06
5.25858901E-02  1.36658008E-04  5.49639909E-06
5.31065128E-02  1.18836663E-04  5.28056280E-06
5.36271347E-02  1.12125204E-04  5.10676448E-06
5.41477557E-02  1.11225150E-04  5.25248318E-06
5.46683758E-02  1.08030433E-04  5.08101905E-06
5.51889950E-02  1.25151311E-04  5.34680163E-06
5.57096132E-02  1.23787146E-04  5.20326633E-06
5.62302306E-02  1.06730415E-04  5.07602396E-06
5.67508470E-02  1.03611734E-04  5.09366060E-06
5.72714625E-02  1.05159129E-04  4.96491619E-06
5.77920771E-02  1.00840805E-04  4.99400618E-06
5.83126907E-02  9.64645860E-05  4.80068094E-06
5.88333033E-02  1.04782231E-04  4.99732226E-06
5.93539150E-02  9.02358888E-05  4.78712477E-06
5.98745257E-02  1.05562954E-04  4.97024889E-06
6.03951354E-02  9.60382238E-05  4.82433712E-06
6.09157441E-02  9.20149156E-05  4.69638763E-06
6.14363518E-02  1.03690251E-04  4.88011188E-06
6.19569585E-02  9.76719593E-05  4.76231990E-06
6.24775641E-02  9.17850668E-05  4.69909373E-06
6.29981688E-02  9.44594651E-05  4.69004746E-06
6.35187724E-02  8.56407562E-05  4.58687745E-06
6.40393749E-02  9.44882670E-05  4.72049753E-06
6.45599764E-02  9.05428173E-05  4.54131583E-06
6.50805768E-02  8.62215591E-05  4.61753694E-06
6.56011762E-02  9.19541019E-05  4.56684401E-06
6.61217745E-02  8.60437458E-05  4.50237883E-06
6.66423717E-02  8.59603639E-05  4.54699231E-06
6.71629677E-02  7.93119878E-05  4.37535163E-06
6.76835627E-02  8.26088009E-05  4.39083542E-06
6.82041566E-02  8.65194687E-05  4.35844299E-06
6.87247493E-02  8.23342670E-05  4.44409541E-06
6.92453409E-02  7.33240902E-05  4.33508590E-06
6.97659314E-02  7.43260642E-05  4.23029780E-06
7.02865207E-02  8.06456118E-05  4.45457475E-06
7.08071088E-02  7.92911864E-05  4.28642742E-06
7.13276958E-02  6.66969703E-05  4.25198420E-06
7.18482816E-02  7.19831640E-05  4.22858597E-06
7.23688663E-02  7.21376542E-05  4.20122656E-06
7.28894497E-02  7.51812464E-05  4.19982208E-06
7.34100319E-02  7.73595189E-05  4.22272703E-06
7.39306129E-02  7.33038596E-05  4.15796546E-06
7.44511927E-02  7.14073034E-05  4.15963087E-06
7.49717713E-02  7.55826549E-05  4.26494181E-06
7.54923486E-02  7.06263078E-05  4.07979611E-06
7.60129247E-02  6.92572638E-05  4.10214664E-06
7.65334996E-02  6.93726049E-05  4.11648192E-06
7.70540732E-02  6.83658384E-05  4.04382336E-06
7.75746455E-02  6.44070066E-05  4.11978463E-06
7.80952165E-02  7.09393146E-05  4.05285141E-06
7.86157862E-02  6.44255198E-05  4.04389706E-06
7.91363547E-02  6.33271271E-05  3.98436116E-06
7.96569218E-02  5.90360839E-05  3.96470363E-06
8.01774876E-02  6.38211304E-05  3.99805265E-06
8.06980521E-02  6.16182163E-05  3.89825136E-06
8.12186153E-02  6.31535012E-05  3.91079459E-06
8.17391771E-02  4.86409084E-05  3.79032341E-06
8.22597376E-02  6.72037105E-05  3.96464554E-06
8.27802967E-02  5.87050317E-05  3.89506296E-06
8.33008545E-02  5.70296723E-05  3.79061769E-06
8.38214109E-02  6.00940101E-05  3.82033729E-06
8.43419659E-02  6.08923660E-05  3.99791951E-06
8.48625195E-02  5.15844178E-05  3.80538035E-06
8.53830717E-02  5.39823842E-05  3.84992779E-06
8.59036225E-02  5.26036575E-05  3.91288790E-06
8.64241719E-02  5.07198500E-05  3.87810684E-06
8.69447199E-02  5.22013108E-05  3.95530152E-06
8.74652664E-02  5.29700369E-05  3.94238125E-06
8.79858115E-02  5.27579811E-05  3.98003512E-06
8.85063552E-02  5.52234747E-05  3.99145443E-06
8.90268974E-02  4.37767956E-05  4.01275659E-06
8.95474381E-02  5.49960637E-05  4.08861708E-06
9.00679773E-02  4.83223000E-05  3.98027362E-06
9.05885151E-02  3.87914697E-05  3.88829902E-06
9.11090513E-02  4.45570325E-05  4.13254085E-06
9.16295861E-02  4.90939729E-05  4.02448076E-06
9.21501193E-02  4.76122484E-05  4.05308702E-06
9.26706511E-02  5.45189179E-05  4.16422677E-06
9.31911813E-02  4.31653982E-05  4.02878954E-06
9.37117099E-02  4.07390274E-05  4.05220077E-06
9.42322370E-02  4.44938401E-05  4.05051517E-06
9.47527626E-02  4.30402814E-05  4.15584393E-06
9.52732866E-02  3.88011117E-05  4.02489273E-06
9.57938090E-02  4.01082071E-05  4.01884243E-06
9.63143299E-02  5.23181826E-05  4.13864069E-06
9.68348492E-02  4.71799174E-05  4.13017685E-06
9.73553668E-02  3.92406592E-05  4.06165597E-06
9.78758829E-02  4.32531352E-05  4.09401795E-06
9.83963973E-02  4.00742249E-05  4.01917783E-06
9.89169102E-02  4.80894947E-05  4.19965380E-06
9.94374214E-02  3.91180758E-05  4.04638064E-06
9.99579309E-02  3.69385636E-05  4.12406188E-06
1.00478439E-01  3.72935031E-05  4.08042544E-06
1.00998945E-01  3.72281376E-05  4.06828257E-06
1.01519450E-01  3.93387742E-05  4.10744889E-06
1.02039953E-01  3.45779296E-05  4.08835673E-06
1.02560454E-01  3.63782567E-05  4.01905456E-06
1.03080953E-01  3.91379640E-05  4.12975736E-06
1.03601451E-01  3.22773596E-05  3.82106962E-06
1.04121947E-01  3.39622625E-05  4.04430250E-06
1.04642442E-01  3.15005558E-05  3.92404511E-06
1.05162934E-01  2.87189162E-05  3.99231982E-06
1.05683425E-01  3.79111834E-05  4.00178747E-06
1.06203915E-01  3.04377009E-05  3.80964357E-06
1.06724402E-01  3.54369233E-05  4.02272438E-06
1.07244888E-01  3.74359840E-05  3.93649968E-06
1.07765372E-01  3.20711719E-05  3.93217606E-06
1.08285854E-01  3.19709351E-05  3.91178986E-06
1.08806334E-01  2.96552844E-05  3.90836134E-06
1.09326813E-01  2.97289821E-05  3.78006930E-06
1.09847290E-01  3.58175575E-05  3.87879648E-06
1.10367765E-01  3.58735588E-05  3.91813055E-06
1.10888238E-01  3.37973832E-05  3.81187165E-06
1.11408709E-01  2.78703176E-05  3.89751333E-06
1.11929179E-01  3.16845950E-05  3.99634908E-06
1.12449646E-01  2.62478443E-05  3.78232001E-06
1.12970112E-01  2.60754843E-05  3.83936702E-06
1.13490576E-01  3.15644567E-05  3.85560742E-06
1.14011038E-01  2.94539529E-05  3.86747596E-06
1.14531498E-01  2.81889733E-05  3.81842692E-06
1.15051956E-01  2.94770099E-05  3.76902787E-06
1.15572413E-01  2.80304431E-05  3.84528598E-06
1.16092867E-01  2.90570739E-05  3.74433361E-06
1.16613320E-01  2.87215690E-05  3.86068083E-06
1.17133771E-01  2.23469785E-05  3.68919469E-06
1.17654219E-01  3.27576023E-05  3.81939017E-06
1.18174666E-01  2.62110213E-05  3.86767564E-06
1.18695111E-01  1.98678123E-05  3.82758601E-06
1.19215554E-01  2.52813818E-05  3.82754063E-06
1.19735995E-01  2.27606419E-05  3.64364722E-06
1.20256434E-01  2.44330526E-05  3.73396644E-06
1.20776871E-01  2.01081598E-05  3.69136465E-06
1.21297306E-01  2.58429937E-05  3.80417606E-06
1.21817739E-01  2.17364980E-05  3.65821872E-06
1.22338170E-01  2.62671775E-05  3.78901702E-06
1.22858598E-01  2.81416857E-05  3.84073922E-06
1.23379025E-01  2.57139029E-05  3.72386907E-06
1.23899450E-01  2.07396976E-05  3.77834025E-06
1.24419873E-01  1.83365595E-05  3.64521282E-06
1.24940294E-01  2.19158700E-05  3.58684061E-06
1.25460713E-01  2.29843724E-05  3.70523127E-06
1.25981129E-01  2.42727140E-05  3.67575753E-06
1.26501544E-01  2.11299748E-05  3.87910126E-06
1.27021956E-01  2.54342651E-05  3.87933021E-06
1.27542367E-01  2.04450732E-05  3.86340355E-06
1.28062775E-01  3.11521221E-05  4.13223292E-06
1.28583181E-01  2.61420095E-05  4.09118306E-06
1.29103585E-01  2.95238035E-05  4.25823967E-06
1.29623987E-01  3.16931097E-05  4.12081595E-06
1.30144387E-01  2.23064473E-05  4.19056477E-06
1.30664785E-01  2.14465590E-05  4.13476252E-06
1.31185180E-01  2.23079004E-05  4.07235096E-06
1.31705574E-01  1.93029685E-05  4.28893779E-06
1.32225965E-01  2.23651516E-05  4.34128211E-06
1.32746354E-01  2.69768258E-05  4.32327168E-06
1.33266741E-01  2.04485741E-05  4.45242080E-06
1.33787125E-01  1.81533174E-05  4.22351842E-06
1.34307508E-01  2.15081100E-05  4.35650357E-06
1.34827888E-01  1.80873487E-05  4.12804786E-06
1.35348266E-01  1.79433644E-05  4.00030592E-06
1.35868642E-01  1.92054790E-05  4.10001706E-06
1.36389015E-01  1.81859968E-05  4.05537111E-06
1.36909387E-01  2.15588637E-05  3.92647068E-06
1.37429756E-01  2.89169670E-05  3.99650523E-06
1.37950122E-01  2.23105474E-05  3.95188616E-06
1.38470487E-01  1.61525995E-05  3.78893205E-06
1.38990849E-01  2.29689766E-05  3.86296110E-06
1.39511209E-01  1.44472590E-05  3.74974496E-06
1.40031566E-01  1.99573377E-05  3.82327848E-06
1.40551922E-01  2.16098409E-05  3.86350725E-06
1.41072275E-01  1.85210100E-05  3.66461094E-06
1.41592625E-01  2.10356787E-05  3.72907707E-06
1.42112974E-01  1.84708792E-05  3.65964810E-06
1.42633320E-01  1.41354511E-05  3.55748427E-06
1.43153663E-01  1.28165080E-05  3.56330425E-06
1.43674005E-01  1.63401171E-05  3.56784634E-06
1.44194343E-01  1.84543535E-05  3.64193655E-06
1.44714680E-01  1.22392800E-05  3.62513219E-06
1.45235014E-01  1.84209068E-05  3.59401958E-06
1.45755346E-01  1.24170176E-05  3.51025806E-06
1.46275675E-01  1.33581443E-05  3.39498263E-06
1.46796002E-01  1.96653185E-05  3.53325797E-06
1.47316327E-01  1.38232471E-05  3.47182289E-06
1.47836649E-01  1.22830392E-05  3.51172989E-06
1.48356968E-01  1.64661241E-05  3.50360740E-06
1.48877286E-01  1.38694245E-05  3.55882747E-06
1.49397600E-01  1.60337904E-05  3.59753665E-06
1.49917913E-01  1.41836861E-05  3.49962223E-06
1.50438223E-01  1.20222549E-05  3.46222138E-06
1.50958530E-01  1.20082932E-05  3.44928053E-06
1.51478835E-01  1.57508204E-05  3.55636339E-06
1.51999137E-01  1.12369944E-05  3.50060420E-06
1.52519437E-01  1.53978459E-05  3.46466186E-06
1.53039734E-01  1.07604180E-05  3.39655936E-06
1.53560029E-01  1.56840676E-05  3.46312781E-06
1.54080321E-01  1.40376536E-05  3.47715394E-06
1.54600611E-01  7.64934828E-06  3.32491254E-06
1.55120898E-01  8.67628014E-06  3.38305335E-06
1.55641183E-01  1.44507417E-05  3.41432640E-06
1.56161465E-01  1.32374258E-05  3.38444198E-06
1.56681745E-01  1.52179253E-05  3.40060909E-06
1.57202022E-01  1.08923936E-05  3.40046477E-06
1.57722296E-01  1.00267451E-05  3.39233339E-06
1.58242568E-01  2.08354629E-05  3.57038258E-06
1.58762837E-01  1.01303745E-05  3.39830095E-06
1.59283103E-01  1.38367477E-05  3.42666504E-06
1.59803367E-01  9.45335565E-06  3.32579400E-06
1.60323629E-01  1.43142922E-05  3.44037497E-06
1.60843887E-01  1.21799160E-05  3.43069663E-06
1.61364143E-01  1.21549195E-05  3.38586549E-06
1.61884397E-01  1.96449379E-05  3.50501694E-06
1.62404647E-01  1.00120229E-05  3.32156159E-06
1.62924895E-01  1.43758117E-05  3.39451962E-06
1.63445140E-01  1.23585298E-05  3.30078205E-06
1.63965383E-01  7.48755130E-06  3.32510548E-06
1.64485623E-01  1.29302148E-05  3.40904980E-06
1.65005860E-01  1.49162312E-05  3.29981285E-06
1.65526095E-01  1.28072782E-05  3.39013416E-06
1.66046326E-01  1.17779950E-05  3.33852631E-06
1.66566555E-01  1.04194154E-05  3.35690555E-06
1.67086782E-01  1.16023149E-05  3.21440357E-06
1.67607005E-01  1.15193592E-05  3.40134493E-06
1.68127226E-01  1.21583604E-05  3.33580160E-06
1.68647444E-01  1.61116860E-05  3.29640820E-06
1.69167659E-01  1.05742799E-05  3.37207522E-06
1.69687872E-01  9.95889749E-06  3.28441782E-06
1.70208081E-01  7.92716415E-06  3.20032504E-06
1.70728288E-01  1.21053871E-05  3.31725014E-06
1.71248492E-01  8.33913352E-06  3.16419951E-06
1.71768693E-01  7.24585396E-06  3.17694279E-06
1.72288892E-01  1.45082578E-05  3.27282882E-06
1.72809087E-01  7.47057282E-06  3.24720412E-06
1.73329280E-01  6.38632356E-06  3.17391228E-06
1.73849470E-01  1.27650700E-05  3.26574801E-06
1.74369657E-01  1.20503623E-05  3.23981538E-06
1.74889841E-01  1.57264466E-05  3.26791136E-06
1.75410022E-01  1.31663985E-05  3.22450015E-06
1.75930200E-01  1.47065331E-05  3.25581141E-06
1.76450376E-01  1.21965998E-05  3.25950240E-06
1.76970548E-01  8.68492093E-06  3.16275490E-06
1.77490718E-01  2.03110555E-05  3.35119801E-06
1.78010884E-01  1.29413042E-05  3.22066582E-06
1.78531048E-01  1.30872251E-05  3.28575318E-06
1.79051209E-01  1.24164193E-05  3.21182333E-06
1.79571367E-01  1.28624413E-05  3.23830335E-06
1.80091522E-01  1.21476793E-05  3.25095526E-06
1.80611674E-01  1.15260261E-05  3.26893250E-06
1.81131823E-01  1.51463904E-05  3.21144657E-06
1.81651969E-01  8.94538389E-06  3.22490183E-06
1.82172112E-01  8.14702149E-06  3.13304469E-06
1.82692252E-01  1.28741849E-05  3.21691435E-06
1.83212389E-01  1.22063111E-05  3.22556704E-06
1.83732523E-01  1.23826407E-05  3.19340913E-06
1.84252654E-01  4.79085151E-06  3.05157876E-06
1.84772781E-01  1.10728292E-05  3.22234305E-06
1.85292906E-01  9.74854829E-06  3.10336849E-06
1.85813028E-01  9.26617365E-06  3.10730436E-06
1.86333147E-01  1.64153503E-05  3.17064025E-06
1.86853263E-01  8.80951566E-06  3.17930291E-06
1.87373375E-01  1.13116794E-05  3.10570235E-06
1.87893485E-01  5.11725199E-06  3.09937525E-06
1.88413591E-01  2.94488627E-06  3.07346641E-06
1.88933694E-01  1.17248169E-05  3.07634409E-06
1.89453795E-01  8.59102688E-06  3.12131232E-06
1.89973892E-01  1.33174854E-05  3.05845766E-06
1.90493986E-01  1.08452550E-05  3.14077740E-06
1.91014077E-01  1.57693002E-05  3.16723619E-06
1.91534164E-01  9.71045358E-06  3.18797754E-06
1.92054249E-01  6.13522294E-06  3.06993798E-06
1.92574330E-01  8.51253521E-06  3.07030202E-06
1.93094408E-01  1.16952709E-05  3.13116774E-06
1.93614483E-01  1.19610507E-05  3.10554257E-06
1.94134555E-01  1.22406118E-05  3.09735931E-06
1.94654624E-01  8.56762835E-06  3.03521725E-06
1.95174689E-01  7.59940769E-06  3.00801544E-06
1.95694752E-01  7.36314044E-06  3.09521731E-06
1.96214811E-01  8.92460195E-06  3.04116466E-06
1.96734866E-01  9.90147561E-06  2.99316595E-06
1.97254919E-01  1.07011401E-05  3.06846041E-06
1.97774968E-01  4.32898914E-06  3.06560188E-06
1.98295014E-01  6.43248378E-06  3.03805082E-06
1.98815057E-01  6.79857272E-06  2.96510788E-06
1.99335096E-01  7.60952323E-06  2.98602363E-06
1.99855133E-01  1.05590102E-05  3.03958291E-06
2.00375166E-01  4.60012984E-06  2.99535825E-06
2.00895195E-01  6.48409982E-06  3.08894654E-06
2.01415221E-01  4.29490755E-06  3.00054892E-06
2.01935244E-01  7.29234131E-06  3.06049297E-06
2.02455264E-01  7.42402038E-06  2.97400783E-06
2.02975280E-01  8.53107457E-06  2.99581230E-06
2.03495293E-01  1.07478098E-05  3.11613564E-06
2.04015303E-01  9.30242857E-06  3.08997535E-06
2.04535309E-01  8.96505475E-06  3.10083376E-06
2.05055312E-01  3.77868411E-06  3.00318792E-06
2.05575312E-01  8.06745974E-06  3.02301629E-06
2.06095308E-01  1.33340102E-05  3.09947646E-06
2.06615301E-01  7.85089119E-06  3.18657778E-06
2.07135290E-01  4.91505621E-06  3.06386876E-06
2.07655276E-01  1.12345150E-05  3.13131500E-06
2.08175259E-01  8.64635285E-06  3.18736178E-06
2.08695238E-01  8.02421932E-06  3.09862311E-06
2.09215213E-01  9.14625699E-06  3.13805195E-06
2.09735186E-01  2.22761042E-06  3.11791659E-06
2.10255155E-01  9.05031193E-06  3.07784725E-06
2.10775120E-01  7.41502027E-06  3.16929358E-06
2.11295082E-01  2.39861596E-06  3.03498024E-06
2.11815040E-01  9.76279359E-06  3.16021789E-06
2.12334995E-01  1.03669373E-05  3.06074743E-06
2.12854946E-01  1.03151996E-05  3.13057357E-06
2.13374894E-01  8.99216882E-06  3.14198393E-06
2.13894839E-01  7.50237238E-06  3.09754228E-06
2.14414780E-01  1.35590795E-06  3.04933228E-06
2.14934717E-01  7.99029500E-06  3.03065319E-06
2.15454651E-01  2.94277647E-06  3.03982923E-06
2.15974581E-01  5.26822966E-06  3.02706395E-06
2.16494508E-01  5.68778795E-06  2.99899754E-06
2.17014431E-01  8.33987744E-06  3.05946362E-06
2.17534350E-01  1.30971608E-05  3.05398119E-06
2.18054266E-01  4.92909587E-06  3.01757653E-06
2.18574179E-01  5.65557147E-06  2.97645468E-06
2.19094087E-01  5.18014509E-06  2.99719557E-06
2.19613993E-01  1.30048279E-06  2.98447788E-06
2.20133894E-01  8.27205153E-06  3.01561686E-06
2.20653792E-01  1.04580581E-05  3.00912855E-06
2.21173687E-01  3.84500393E-06  2.93087244E-06
2.21693577E-01  4.07352031E-06  2.91212608E-06
2.22213464E-01  7.80966855E-06  3.00368067E-06
2.22733348E-01  3.44356741E-06  2.91513338E-06
2.23253227E-01  3.91853344E-06  2.88462152E-06
2.23773103E-01  3.66779733E-06  2.90002756E-06
2.24292976E-01  8.24270324E-06  2.88177113E-06
2.24812844E-01  4.27791815E-06  2.82159443E-06
2.25332709E-01  4.59544945E-06  2.85101864E-06
2.25852571E-01  9.22129739E-06  3.00177720E-06
2.26372428E-01  1.15145838E-05  2.94002941E-06
2.26892282E-01  5.41749243E-06  2.92513844E-06
2.27412132E-01  5.61644801E-06  2.90197465E-06
2.27931979E-01  8.94018972E-06  2.96255120E-06
2.28451821E-01  7.11441172E-06  2.86984540E-06
2.28971660E-01  1.26204918E-05  2.88736705E-06
2.29491495E-01  7.41790193E-06  2.91033006E-06
2.30011326E-01  2.13304365E-06  2.76401568E-06
2.30531154E-01  6.58223013E-06  2.87608191E-06
2.31050978E-01  2.22429777E-07  2.85506616E-06
2.31570798E-01  5.09967949E-06  2.79782301E-06
2.32090614E-01  6.09250693E-06  2.94540105E-06
2.32610426E-01  7.56306370E-06  2.87755769E-06
2.33130234E-01  7.30596937E-06  2.92354230E-06
2.33650039E-01  1.14464262E-05  2.90854187E-06
2.34169840E-01  1.00505279E-05  2.91104894E-06
2.34689637E-01  4.87473945E-06  2.88333087E-06
2.35209430E-01  9.05936249E-06  2.86454024E-06
2.35729219E-01  1.02153350E-05  2.85663009E-06
2.36249004E-01  5.89113731E-06  2.90691766E-06
2.36768786E-01  7.87225388E-06  2.96933290E-06
2.37288563E-01  7.04246279E-06  3.01618385E-06
2.37808337E-01  8.56504554E-06  3.11638275E-06
2.38328107E-01  7.95738158E-06  3.11007784E-06
2.38847873E-01  5.00118313E-06  3.09802376E-06
2.39367635E-01  1.00094786E-05  3.15659158E-06
2.39887392E-01  5.11823961E-06  3.21323638E-06
2.40407146E-01  1.03036072E-05  3.14321427E-06
2.40926897E-01  2.93044164E-06  3.14073377E-06
2.41446643E-01  6.79118903E-06  3.17238055E-06
2.41966385E-01  7.24171711E-06  3.20613756E-06
2.42486123E-01  8.37215306E-06  3.19811216E-06
2.43005857E-01  2.83299811E-06  3.06783010E-06
2.43525587E-01  9.89929113E-06  3.23813896E-06
2.44045313E-01  4.83971614E-06  3.15979795E-06
2.44565035E-01  4.98516054E-06  3.20164457E-06
2.45084754E-01  5.94238724E-06  3.13352732E-06
2.45604468E-01  3.37328600E-06  3.06033887E-06
2.46124178E-01  3.58752593E-06  3.04407501E-06
2.46643884E-01  5.81963480E-06  3.03252718E-06
2.47163586E-01  5.92155559E-06  2.99977558E-06
2.47683283E-01  8.22986815E-06  2.94399529E-06
2.48202977E-01  4.24243713E-06  3.01704812E-06
2.48722667E-01  4.21899404E-06  2.91641636E-06
2.49242353E-01  1.03415260E-05  2.92809492E-06
2.49762034E-01  7.16270683E-06  2.88534519E-06
2.50281712E-01  3.20024851E-06  2.79170203E-06
2.50801385E-01  2.82251215E-06  2.86946840E-06
2.51321054E-01  -2.21095059E-06  2.82685068E-06
2.51840719E-01  5.60997442E-06  2.86438904E-06
2.52360380E-01  2.19299592E-06  2.82470214E-06
2.52880037E-01  5.38506577E-06  2.90546772E-06
2.53399689E-01  1.07166194E-06  2.80783350E-06
2.53919338E-01  -2.29391612E-06  2.80387323E-06
2.54438982E-01  7.20646043E-06  2.85838702E-06
2.54958622E-01  5.62933085E-06  2.81319765E-06
2.55478258E-01  2.32671655E-06  2.82385650E-06
2.55997890E-01  5.52334405E-06  2.85143797E-06
2.56517517E-01  2.80480789E-06  2.80850065E-06
2.57037140E-01  6.84472047E-06  2.81189523E-06
2.57556759E-01  3.70554271E-06  2.76206713E-06
2.58076374E-01  5.40739085E-06  2.77516769E-06
2.58595985E-01  3.93457694E-06  2.80513003E-06
2.59115591E-01  5.35283840E-06  2.76344136E-06
2.59635193E-01  -6.68461250E-07  2.75502644E-06
2.60154791E-01  2.04200860E-06  2.77542024E-06
2.60674384E-01  -3.95779350E-07  2.73250317E-06
2.61193974E-01  8.18332365E-06  2.81417898E-06
2.61713559E-01  8.20769348E-06  2.75966735E-06
2.62233139E-01  6.57531649E-06  2.83939452E-06
2.62752716E-01  6.58781084E-06  2.74512996E-06
2.63272287E-01  -1.09604891E-06  2.75475290E-06
2.63791855E-01  3.37627956E-06  2.76445930E-06
2.64311418E-01  7.73027790E-06  2.73462559E-06
2.64830977E-01  4.78038496E-06  2.72978572E-06
2.65350532E-01  4.29773582E-06  2.72015490E-06
2.65870082E-01  5.03410356E-06  2.76092242E-06
2.66389628E-01  2.77156109E-06  2.69208612E-06
2.66909170E-01  7.21593839E-06  2.76884931E-06
2.67428707E-01  3.51675318E-06  2.76424832E-06
2.67948240E-01  3.44529409E-06  2.71782222E-06
2.68467768E-01  3.72411672E-06  2.67853093E-06
2.68987292E-01  3.36971949E-06  2.72597510E-06
2.69506811E-01  7.02775852E-06  2.75416830E-06
2.70026326E-01  7.14629362E-06  2.68342784E-06
2.70545837E-01  5.10438889E-06  2.75208332E-06
2.71065343E-01  -7.11634153E-07  2.63911226E-06
2.71584845E-01  2.53673522E-06  2.67210615E-06
2.72104342E-01  2.30198067E-08  2.67690790E-06
2.72623835E-01  4.29617847E-06  2.64144176E-06
2.73143323E-01  5.31719201E-06  2.65682518E-06
2.73662807E-01  4.04844735E-06  2.71988875E-06
2.74182286E-01  2.96573456E-06  2.69139939E-06
2.74701761E-01  3.23475096E-06  2.66682222E-06
2.75221232E-01  1.25561604E-05  2.76180053E-06
2.75740697E-01  3.02288412E-06  2.64113730E-06
2.76260159E-01  2.93330452E-06  2.68339678E-06
2.76779615E-01  1.41026066E-06  2.65270076E-06
2.77299067E-01  4.41843232E-06  2.72803909E-06
2.77818515E-01  3.70340828E-06  2.63898866E-06
2.78337958E-01  1.56033729E-06  2.65373493E-06
2.78857396E-01  2.49520983E-06  2.64635582E-06
2.79376830E-01  6.53614007E-06  2.64467890E-06
2.79896260E-01  5.67558338E-06  2.66555918E-06
2.80415684E-01  6.64207889E-06  2.70316338E-06
2.80935104E-01  4.66625567E-06  2.68699249E-06
2.81454520E-01  6.52511494E-06  2.59015235E-06
2.81973931E-01  -2.25611360E-06  2.56702904E-06
2.82493337E-01  6.26612427E-06  2.68260407E-06
2.83012739E-01  5.63989061E-06  2.67168092E-06
2.83532135E-01  4.44019998E-06  2.67453329E-06
2.84051528E-01  1.02114602E-06  2.66717499E-06
2.84570915E-01  5.23353431E-06  2.65752831E-06
2.85090298E-01  9.33170871E-06  2.64324059E-06
2.85609676E-01  4.71601421E-06  2.68401302E-06
2.86129050E-01  -4.29340030E-06  2.58643690E-06
2.86648419E-01  1.55874507E-06  2.66228275E-06
2.87167783E-01  5.45805010E-06  2.63228552E-06
2.87687142E-01  4.26001058E-06  2.57332155E-06
2.88206497E-01  2.46973943E-06  2.57867394E-06
2.88725847E-01  -2.46694621E-06  2.57504742E-06
2.89245192E-01  6.95641930E-06  2.62502950E-06
2.89764533E-01  3.78429108E-06  2.58689152E-06
2.90283868E-01  5.59242749E-06  2.64173129E-06
2.90803199E-01  3.07728435E-06  2.58716018E-06
2.91322525E-01  5.40027324E-06  2.60739571E-06
2.91841847E-01  2.31269889E-06  2.56319589E-06
2.92361163E-01  2.43231051E-06  2.56602725E-06
2.92880475E-01  7.82802265E-06  2.59338678E-06
2.93399782E-01  1.73711802E-06  2.62676884E-06
2.93919084E-01  -1.76595770E-06  2.57741776E-06
2.94438382E-01  5.87013873E-06  2.62913134E-06
2.94957674E-01  3.88698327E-06  2.59737624E-06
2.95476962E-01  3.34538604E-06  2.60369691E-06
2.95996244E-01  2.28203801E-06  2.58132126E-06
2.96515522E-01  1.56968674E-06  2.56399196E-06
2.97034795E-01  5.75739564E-06  2.58754969E-06
2.97554064E-01  4.70258341E-06  2.59379936E-06
2.98073327E-01  6.63705091E-06  2.54769359E-06
2.98592585E-01  7.25592475E-06  2.55787164E-06
2.99111839E-01  7.86375178E-06  2.57503439E-06
2.99631087E-01  2.48064047E-07  2.53887629E-06


### HEADER:
#
#{
#    "analysis": {}, 
#    "calibration_params": {
#        "Beam_Center_X": 887.855024985, 
#        "Beam_Center_Y": 879.419491507, 
#        "Detector_Pixel_Size": 0.172, 
#        "Radial_Average_Method": "RAW", 
#        "Sample-to-detector distance (mm)": 2008.92254621, 
#        "Wavelength (A)": 1.03320164497
#    }, 
#    "config_file": null, 
#    "counters": {
#        "D_hutch_shutter_open": "True", 
#        "Date": "2019-12-12 17:22:14.798463", 
#        "Exposure time/frame (s)": "0.095", 
#        "Exposure_period/frame_s": "0.1", 
#        "File_prefix": "em05_011", 
#        "Front_end_shutter_open": "True", 
#        "I0_gain": "1e+05", 
#        "I1_gain": "1e+07", 
#        "I2_gain": "1e+04", 
#        "I3_gain": "1e+07", 
#        "Instrument": "BioCAT (Sector 18, APS)", 
#        "Number_of_frames": "23", 
#        "Number_of_scans": "45.0", 
#        "Return_acceleration_mm/s^2": "10.0", 
#        "Return_speed_mm/s": "10.0", 
#        "Return_time_s": "0.176635217327", 
#        "Save_directory": "/nas_data/2019_Run3/20191205Hopkins/martin_laminar/em05", 
#        "Scan_acceleration_mm/s^2": "10.0", 
#        "Scan_end_offset_mm": "0.004", 
#        "Scan_speed_mm/s": "0.03", 
#        "Scan_start_offset_mm": "0.004", 
#        "Scan_type": "Grid", 
#        "Step_acceleration_mm/s^2": "10.0", 
#        "Step_axis": "X", 
#        "Step_speed_mm/s": "10.0", 
#        "Time_per_scan_s": "2.603", 
#        "Total_time_s": "2722.74942326", 
#        "Vector_scan_length_mm": "0.07", 
#        "Wait_for_trigger": "False", 
#        "X_scan_end_mm": "-60.186", 
#        "X_scan_start_mm": "-75.186", 
#        "X_scan_step_mm": "1.0", 
#        "Y_scan_end_mm": "-1.8651", 
#        "Y_scan_start_mm": "-1.9351", 
#        "x": "-65.186"
#    }, 
#    "filename": "em05_011_s011_avg.dat", 
#    "history": {
#        "averaged_files": [
#            [
#                "em05_011_s011_0005_0012.dat", 
#                {
#                    "subtraction": {
#                        "initial_file": [
#                            "em05_011_s011_0005_0012.dat", 
#                            {
#                                "averaged_files": [
#                                    [
#                                        "em05_011_s011_0005_0012.dat"
#                                    ], 
#                                    [
#                                        "em05_011_s011_0009_0012.dat"
#                                    ]
#                                ]
#                            }
#                        ], 
#                        "subtracted_file": [
#                            "em05_011_s011_avg_0012.dat", 
#                            {
#                                "averaged_files": [
#                                    [
#                                        "em05_011_s011_0001_0012.dat"
#                                    ], 
#                                    [
#                                        "em05_011_s011_0002_0012.dat"
#                                    ], 
#                                    [
#                                        "em05_011_s011_0003_0012.dat"
#                                    ], 
#                                    [
#                                        "em05_011_s011_0013_0012.dat"
#                                    ], 
#                                    [
#                                        "em05_011_s011_0014_0012.dat"
#                                    ], 
#                                    [
#                                        "em05_011_s011_0015_0012.dat"
#                                    ], 
#                                    [
#                                        "em05_011_s011_0016_0012.dat"
#                                    ], 
#                                    [
#                                        "em05_011_s011_0017_0012.dat"
#                                    ], 
#                                    [
#                                        "em05_011_s011_0018_0012.dat"
#                                    ]
#                                ]
#                            }
#                        ]
#                    }
#                }
#            ], 
#            [
#                "em05_011_s011_0005_0013.dat", 
#                {
#                    "subtraction": {
#                        "initial_file": [
#                            "em05_011_s011_0005_0013.dat", 
#                            {
#                                "averaged_files": [
#                                    [
#                                        "em05_011_s011_0005_0013.dat"
#                                    ], 
#                                    [
#                                        "em05_011_s011_0006_0013.dat"
#                                    ], 
#                                    [
#                                        "em05_011_s011_0008_0013.dat"
#                                    ], 
#                                    [
#                                        "em05_011_s011_0009_0013.dat"
#                                    ]
#                                ]
#                            }
#                        ], 
#                        "subtracted_file": [
#                            "em05_011_s011_avg_0013.dat", 
#                            {
#                                "averaged_files": [
#                                    [
#                                        "em05_011_s011_0001_0013.dat"
#                                    ], 
#                                    [
#                                        "em05_011_s011_0002_0013.dat"
#                                    ], 
#                                    [
#                                        "em05_011_s011_0003_0013.dat"
#                                    ], 
#                                    [
#                                        "em05_011_s011_0013_0013.dat"
#                                    ], 
#                                    [
#                                        "em05_011_s011_0014_0013.dat"
#                                    ], 
#                                    [
#                                        "em05_011_s011_0015_0013.dat"
#                                    ], 
#                                    [
#                                        "em05_011_s011_0016_0013.dat"
#                                    ], 
#                                    [
#                                        "em05_011_s011_0017_0013.dat"
#                                    ], 
#                                    [
#                                        "em05_011_s011_0018_0013.dat"
#                                    ]
#                                ]
#                            }
#                        ]
#                    }
#                }
#            ], 
#            [
#                "em05_011_s011_0005_0014.dat", 
#                {
#                    "subtraction": {
#                        "initial_file": [
#                            "em05_011_s011_0005_0014.dat", 
#                            {
#                                "averaged_files": [
#                                    [
#                                        "em05_011_s011_0005_0014.dat"
#                                    ], 
#                                    [
#                                        "em05_011_s011_0006_0014.dat"
#                                    ], 
#                                    [
#                                        "em05_011_s011_0007_0014.dat"
#                                    ], 
#                                    [
#                                        "em05_011_s011_0008_0014.dat"
#                                    ], 
#                                    [
#                                        "em05_011_s011_0009_0014.dat"
#                                    ]
#                                ]
#                            }
#                        ], 
#                        "subtracted_file": [
#                            "em05_011_s011_avg_0014.dat", 
#                            {
#                                "averaged_files": [
#                                    [
#                                        "em05_011_s011_0001_0014.dat"
#                                    ], 
#                                    [
#                                        "em05_011_s011_0002_0014.dat"
#                                    ], 
#                                    [
#                                        "em05_011_s011_0003_0014.dat"
#                                    ], 
#                                    [
#                                        "em05_011_s011_0013_0014.dat"
#                                    ], 
#                                    [
#                                        "em05_011_s011_0014_0014.dat"
#                                    ], 
#                                    [
#                                        "em05_011_s011_0015_0014.dat"
#                                    ], 
#                                    [
#                                        "em05_011_s011_0016_0014.dat"
#                                    ], 
#                                    [
#                                        "em05_011_s011_0017_0014.dat"
#                                    ], 
#                                    [
#                                        "em05_011_s011_0018_0014.dat"
#                                    ]
#                                ]
#                            }
#                        ]
#                    }
#                }
#            ], 
#            [
#                "em05_011_s011_0006_0015.dat", 
#                {
#                    "subtraction": {
#                        "initial_file": [
#                            "em05_011_s011_0006_0015.dat", 
#                            {
#                                "averaged_files": [
#                                    [
#                                        "em05_011_s011_0006_0015.dat"
#                                    ], 
#                                    [
#                                        "em05_011_s011_0007_0015.dat"
#                                    ], 
#                                    [
#                                        "em05_011_s011_0008_0015.dat"
#                                    ]
#                                ]
#                            }
#                        ], 
#                        "subtracted_file": [
#                            "em05_011_s011_avg_0015.dat", 
#                            {
#                                "averaged_files": [
#                                    [
#                                        "em05_011_s011_0001_0015.dat"
#                                    ], 
#                                    [
#                                        "em05_011_s011_0002_0015.dat"
#                                    ], 
#                                    [
#                                        "em05_011_s011_0003_0015.dat"
#                                    ], 
#                                    [
#                                        "em05_011_s011_0013_0015.dat"
#                                    ], 
#                                    [
#                                        "em05_011_s011_0014_0015.dat"
#                                    ], 
#                                    [
#                                        "em05_011_s011_0015_0015.dat"
#                                    ], 
#                                    [
#                                        "em05_011_s011_0016_0015.dat"
#                                    ], 
#                                    [
#                                        "em05_011_s011_0017_0015.dat"
#                                    ], 
#                                    [
#                                        "em05_011_s011_0018_0015.dat"
#                                    ]
#                                ]
#                            }
#                        ]
#                    }
#                }
#            ], 
#            [
#                "em05_011_s011_0007_0016.dat", 
#                {
#                    "subtraction": {
#                        "initial_file": [
#                            "em05_011_s011_0007_0016.dat", 
#                            {
#                                "averaged_files": [
#                                    [
#                                        "em05_011_s011_0007_0016.dat"
#                                    ]
#                                ]
#                            }
#                        ], 
#                        "subtracted_file": [
#                            "em05_011_s011_avg_0016.dat", 
#                            {
#                                "averaged_files": [
#                                    [
#                                        "em05_011_s011_0001_0016.dat"
#                                    ], 
#                                    [
#                                        "em05_011_s011_0002_0016.dat"
#                                    ], 
#                                    [
#                                        "em05_011_s011_0003_0016.dat"
#                                    ], 
#                                    [
#                                        "em05_011_s011_0013_0016.dat"
#                                    ], 
#                                    [
#                                        "em05_011_s011_0014_0016.dat"
#                                    ], 
#                                    [
#                                        "em05_011_s011_0015_0016.dat"
#                                    ], 
#                                    [
#                                        "em05_011_s011_0016_0016.dat"
#                                    ], 
#                                    [
#                                        "em05_011_s011_0017_0016.dat"
#                                    ], 
#                                    [
#                                        "em05_011_s011_0018_0016.dat"
#                                    ]
#                                ]
#                            }
#                        ]
#                    }
#                }
#            ]
#        ]
#    }, 
#    "imageHeader": {
#        "Count_cutoff": "921498 counts", 
#        "Excluded_pixels": "badpix_mask.tif", 
#        "Exposure_period": "0.1000000 s", 
#        "Exposure_time": "0.0950000 s", 
#        "Flat_field": "FF_p10-0130_E12000_T6000_vrf_m0p100.tif", 
#        "Gain_setting": "autog (vrf = 1.000)", 
#        "Image_path": "/ramdisk/martin_laminar/em05/", 
#        "N_excluded_pixels": "35", 
#        "Pixel_size": "172e-6 m x 172e-6 m", 
#        "Ratecorr_lut_directory": "ContinuousStandard_v1.1", 
#        "Retrigger_mode": "1", 
#        "Silicon": "sensor, thickness 0.000450 m", 
#        "Tau": "0 s", 
#        "Threshold_setting": "6000 eV", 
#        "Trim_file": "p10-0130_E12000_T6000.bin"
#    }, 
#    "metadata": {
#        "Detector": "Pilatus3 X 1M"
#    }, 
#    "normalizations": {
#        "Absolute_scale": {
#            "Absolute_scale_factor": 363.261674964, 
#            "Ignore_background": true, 
#            "Sample_thickness_[mm]": 1.0
#        }, 
#        "Counter_norms": [
#            [
#                "/", 
#                "I1"
#            ]
#        ], 
#        "Solid_Angle_Correction": "On"
#    }, 
#    "raw_version": "1.6.3", 
#    "scan_time": 54.16455013599993
#}

