### DATA:
#
# 559
#      Q             I(Q)           Error     
9.37199723E-03  2.98569675E-04  7.97751728E-05
9.89266274E-03  3.16128900E-04  7.54188775E-05
1.04133281E-02  3.52332337E-04  6.23863970E-05
1.09339933E-02  3.24555256E-04  5.66547364E-05
1.14546582E-02  3.63187780E-04  5.23176485E-05
1.19753230E-02  3.47876893E-04  4.49324322E-05
1.24959877E-02  2.06004899E-04  3.92405521E-05
1.30166521E-02  2.73399035E-04  3.18233187E-05
1.35373162E-02  2.20744123E-04  3.12549194E-05
1.40579802E-02  2.46999800E-04  2.71355243E-05
1.45786439E-02  2.54473292E-04  2.45735920E-05
1.50993074E-02  2.58458327E-04  2.18591742E-05
1.56199707E-02  2.40765834E-04  1.96758332E-05
1.61406336E-02  2.33715917E-04  2.02021153E-05
1.66612964E-02  2.35877545E-04  1.71057040E-05
1.71819588E-02  2.44615037E-04  1.78891540E-05
1.77026210E-02  2.28439172E-04  1.65123010E-05
1.82232828E-02  2.48971637E-04  1.65765038E-05
1.87439444E-02  2.19765392E-04  1.60991238E-05
1.92646056E-02  2.59619854E-04  1.55182986E-05
1.97852666E-02  2.16816198E-04  1.44730081E-05
2.03059272E-02  2.20959070E-04  1.39487496E-05
2.08265875E-02  2.11888461E-04  1.35377129E-05
2.13472474E-02  2.13995487E-04  1.33448127E-05
2.18679070E-02  2.10177249E-04  1.23950106E-05
2.23885662E-02  2.09590775E-04  1.26215413E-05
2.29092251E-02  2.12384633E-04  1.30056994E-05
2.34298835E-02  2.07851716E-04  1.22618498E-05
2.39505416E-02  2.15148436E-04  1.19837763E-05
2.44711993E-02  2.04354305E-04  1.13876329E-05
2.49918566E-02  1.91549794E-04  1.05342635E-05
2.55125135E-02  1.97844947E-04  1.06356783E-05
2.60331699E-02  2.13764264E-04  1.03865189E-05
2.65538260E-02  2.06994556E-04  1.06950019E-05
2.70744815E-02  1.87375127E-04  9.33051282E-06
2.75951367E-02  1.93626646E-04  1.00347373E-05
2.81157914E-02  1.88338988E-04  9.34668092E-06
2.86364456E-02  2.08839830E-04  9.22860496E-06
2.91570993E-02  1.83060261E-04  8.88500269E-06
2.96777526E-02  1.76726058E-04  8.69469613E-06
3.01984054E-02  1.85299700E-04  8.51590886E-06
3.07190577E-02  1.80096937E-04  8.00839150E-06
3.12397095E-02  1.81000138E-04  7.81554232E-06
3.17603607E-02  1.85970402E-04  7.91987248E-06
3.22810114E-02  1.75717297E-04  7.88900546E-06
3.28016617E-02  1.86020387E-04  7.81434085E-06
3.33223113E-02  1.80337835E-04  7.65121931E-06
3.38429604E-02  1.61701561E-04  7.34080695E-06
3.43636090E-02  1.60583660E-04  7.41500079E-06
3.48842570E-02  1.69117627E-04  7.12034922E-06
3.54049044E-02  1.61944479E-04  7.14777600E-06
3.59255512E-02  1.62108512E-04  7.22177942E-06
3.64461975E-02  1.73956123E-04  7.07137193E-06
3.69668431E-02  1.61545268E-04  6.72632847E-06
3.74874881E-02  1.62985084E-04  6.72394850E-06
3.80081325E-02  1.55959546E-04  6.44570648E-06
3.85287763E-02  1.57507140E-04  6.77976496E-06
3.90494195E-02  1.54098168E-04  6.69937369E-06
3.95700620E-02  1.48527288E-04  6.12944383E-06
4.00907038E-02  1.51503287E-04  6.40580556E-06
4.06113450E-02  1.50424805E-04  6.25467450E-06
4.11319855E-02  1.50803383E-04  6.22676547E-06
4.16526253E-02  1.40162858E-04  5.87193857E-06
4.21732645E-02  1.48453189E-04  5.89836864E-06
4.26939030E-02  1.48245677E-04  6.19498285E-06
4.32145407E-02  1.46384078E-04  5.88285474E-06
4.37351778E-02  1.40038935E-04  5.88202417E-06
4.42558141E-02  1.29897229E-04  5.55966695E-06
4.47764497E-02  1.40702862E-04  5.58269377E-06
4.52970845E-02  1.36503089E-04  5.58355227E-06
4.58177186E-02  1.36768197E-04  5.43763470E-06
4.63383520E-02  1.27632777E-04  5.43068613E-06
4.68589845E-02  1.35462625E-04  5.30031766E-06
4.73796164E-02  1.22976795E-04  5.22360294E-06
4.79002474E-02  1.31323975E-04  5.20514641E-06
4.84208776E-02  1.31764331E-04  5.28257385E-06
4.89415071E-02  1.30406177E-04  5.22893710E-06
4.94621357E-02  1.23534276E-04  5.31957720E-06
4.99827635E-02  1.13715246E-04  5.18995378E-06
5.05033905E-02  1.23276025E-04  5.29953176E-06
5.10240167E-02  1.33276122E-04  5.41101508E-06
5.15446420E-02  1.19924599E-04  5.12801151E-06
5.20652665E-02  1.15281114E-04  5.11415275E-06
5.25858901E-02  1.07205351E-04  4.98940884E-06
5.31065128E-02  1.02266098E-04  4.96662093E-06
5.36271347E-02  1.15970687E-04  5.09605016E-06
5.41477557E-02  1.03086840E-04  5.10768383E-06
5.46683758E-02  1.07229818E-04  4.98953728E-06
5.51889950E-02  9.77005919E-05  4.88000343E-06
5.57096132E-02  1.06090655E-04  4.88876613E-06
5.62302306E-02  1.05543354E-04  5.06187896E-06
5.67508470E-02  1.05834888E-04  4.94040215E-06
5.72714625E-02  1.07814918E-04  4.78241390E-06
5.77920771E-02  9.85702761E-05  4.89007435E-06
5.83126907E-02  9.38655407E-05  4.86247771E-06
5.88333033E-02  9.05827574E-05  4.68602561E-06
5.93539150E-02  1.09303925E-04  4.82673501E-06
5.98745257E-02  9.43431094E-05  4.78493032E-06
6.03951354E-02  9.43670154E-05  4.70745733E-06
6.09157441E-02  9.51319328E-05  4.71076286E-06
6.14363518E-02  9.15751275E-05  4.74722904E-06
6.19569585E-02  8.46326774E-05  4.54152996E-06
6.24775641E-02  8.43050570E-05  4.57183368E-06
6.29981688E-02  9.25513255E-05  4.74453607E-06
6.35187724E-02  9.21094482E-05  4.61274896E-06
6.40393749E-02  9.17850748E-05  4.58914380E-06
6.45599764E-02  9.29252489E-05  4.57282909E-06
6.50805768E-02  8.11366056E-05  4.63084763E-06
6.56011762E-02  8.41793365E-05  4.56285868E-06
6.61217745E-02  8.88852956E-05  4.57207238E-06
6.66423717E-02  8.80936364E-05  4.46172179E-06
6.71629677E-02  7.98055704E-05  4.38062343E-06
6.76835627E-02  7.58659286E-05  4.36979958E-06
6.82041566E-02  8.76719704E-05  4.37546234E-06
6.87247493E-02  7.55931249E-05  4.34859395E-06
6.92453409E-02  7.26250827E-05  4.31899578E-06
6.97659314E-02  7.01729509E-05  4.19641847E-06
7.02865207E-02  7.24638110E-05  4.30232071E-06
7.08071088E-02  6.75136933E-05  4.14700852E-06
7.13276958E-02  6.94548278E-05  4.16414037E-06
7.18482816E-02  7.10776194E-05  4.22944551E-06
7.23688663E-02  6.56358046E-05  4.18213165E-06
7.28894497E-02  7.67341930E-05  4.27126846E-06
7.34100319E-02  7.36558296E-05  4.29427847E-06
7.39306129E-02  6.72241953E-05  4.10664833E-06
7.44511927E-02  6.84580512E-05  4.03264488E-06
7.49717713E-02  6.55592201E-05  4.07569119E-06
7.54923486E-02  6.18773762E-05  4.00428877E-06
7.60129247E-02  6.10582138E-05  4.00305867E-06
7.65334996E-02  6.83891285E-05  4.10200198E-06
7.70540732E-02  6.37142690E-05  4.07302835E-06
7.75746455E-02  6.42973524E-05  3.99702663E-06
7.80952165E-02  5.67596731E-05  3.93549995E-06
7.86157862E-02  6.32512755E-05  3.99589116E-06
7.91363547E-02  6.42842023E-05  3.95620325E-06
7.96569218E-02  5.75286706E-05  3.95240424E-06
8.01774876E-02  5.77698718E-05  3.88427336E-06
8.06980521E-02  5.96792591E-05  3.84678029E-06
8.12186153E-02  5.09055993E-05  3.89799276E-06
8.17391771E-02  5.08273134E-05  3.89140027E-06
8.22597376E-02  5.24254655E-05  3.82273098E-06
8.27802967E-02  5.04131908E-05  3.90233012E-06
8.33008545E-02  5.09218722E-05  3.70633561E-06
8.38214109E-02  5.43211891E-05  3.73087881E-06
8.43419659E-02  5.14261895E-05  3.74858829E-06
8.48625195E-02  5.32799290E-05  3.81031120E-06
8.53830717E-02  5.50857896E-05  3.89511849E-06
8.59036225E-02  5.71599949E-05  3.93905952E-06
8.64241719E-02  5.68892722E-05  3.90748739E-06
8.69447199E-02  4.80463741E-05  3.89855444E-06
8.74652664E-02  3.99781794E-05  3.91388813E-06
8.79858115E-02  4.70407995E-05  4.02693107E-06
8.85063552E-02  5.34270061E-05  4.00518199E-06
8.90268974E-02  4.69184127E-05  3.95235994E-06
8.95474381E-02  4.39496983E-05  3.89547572E-06
9.00679773E-02  4.21218631E-05  3.98878991E-06
9.05885151E-02  4.76776135E-05  4.00748267E-06
9.11090513E-02  4.75711915E-05  4.13021084E-06
9.16295861E-02  4.69967519E-05  4.16064210E-06
9.21501193E-02  4.04386152E-05  3.91715241E-06
9.26706511E-02  4.40926056E-05  4.10196514E-06
9.31911813E-02  4.35147712E-05  3.93723085E-06
9.37117099E-02  4.44940371E-05  4.12616930E-06
9.42322370E-02  3.55912172E-05  4.00802359E-06
9.47527626E-02  3.07040631E-05  3.88240273E-06
9.52732866E-02  4.41281409E-05  4.05417377E-06
9.57938090E-02  3.70691338E-05  3.98841921E-06
9.63143299E-02  4.03157298E-05  4.10198381E-06
9.68348492E-02  4.74143610E-05  4.08774781E-06
9.73553668E-02  4.76088418E-05  4.05778601E-06
9.78758829E-02  3.91304023E-05  4.08954336E-06
9.83963973E-02  3.46432486E-05  4.01920326E-06
9.89169102E-02  3.56014318E-05  4.06963456E-06
9.94374214E-02  4.06860239E-05  4.09055836E-06
9.99579309E-02  3.42123944E-05  3.98266584E-06
1.00478439E-01  2.96056459E-05  3.87026811E-06
1.00998945E-01  3.38465412E-05  3.99119200E-06
1.01519450E-01  3.87122938E-05  4.02299080E-06
1.02039953E-01  3.81469778E-05  4.00774051E-06
1.02560454E-01  3.43061030E-05  3.98370645E-06
1.03080953E-01  3.10000875E-05  4.05256732E-06
1.03601451E-01  3.48286397E-05  3.90103469E-06
1.04121947E-01  2.99467917E-05  4.04833777E-06
1.04642442E-01  3.24078356E-05  3.89316692E-06
1.05162934E-01  4.27719175E-05  4.07466176E-06
1.05683425E-01  3.63317050E-05  4.08488010E-06
1.06203915E-01  3.49130007E-05  3.89641573E-06
1.06724402E-01  2.40418562E-05  3.87056525E-06
1.07244888E-01  3.25087699E-05  3.98473874E-06
1.07765372E-01  3.85289980E-05  4.02641085E-06
1.08285854E-01  3.46987046E-05  3.89342921E-06
1.08806334E-01  2.42353836E-05  3.85658643E-06
1.09326813E-01  3.36484101E-05  3.92308315E-06
1.09847290E-01  2.80487776E-05  3.89048859E-06
1.10367765E-01  3.36173557E-05  3.92916882E-06
1.10888238E-01  3.10384547E-05  3.82424645E-06
1.11408709E-01  2.23753118E-05  3.80553246E-06
1.11929179E-01  3.28387263E-05  3.95357779E-06
1.12449646E-01  3.34053036E-05  3.81034894E-06
1.12970112E-01  2.88122629E-05  3.78434124E-06
1.13490576E-01  2.55151718E-05  3.81726263E-06
1.14011038E-01  2.87510085E-05  3.81508990E-06
1.14531498E-01  2.64168830E-05  3.79854899E-06
1.15051956E-01  2.63477529E-05  3.83010505E-06
1.15572413E-01  2.49363025E-05  3.79243197E-06
1.16092867E-01  2.47800423E-05  3.77873155E-06
1.16613320E-01  2.79936753E-05  3.83100769E-06
1.17133771E-01  2.54870823E-05  3.69273522E-06
1.17654219E-01  2.69962342E-05  3.75154429E-06
1.18174666E-01  2.14987120E-05  3.75955103E-06
1.18695111E-01  3.00696067E-05  3.83769947E-06
1.19215554E-01  2.46279197E-05  3.76145191E-06
1.19735995E-01  3.01763706E-05  3.78219270E-06
1.20256434E-01  2.52895259E-05  3.75839465E-06
1.20776871E-01  2.69991896E-05  3.64424902E-06
1.21297306E-01  3.02736212E-05  3.88885883E-06
1.21817739E-01  2.94400254E-05  3.74321600E-06
1.22338170E-01  2.12493672E-05  3.65141314E-06
1.22858598E-01  2.34659197E-05  3.68769365E-06
1.23379025E-01  2.11607104E-05  3.70417260E-06
1.23899450E-01  2.75157309E-05  3.79427651E-06
1.24419873E-01  3.13202504E-05  3.74637656E-06
1.24940294E-01  2.27277201E-05  3.64412055E-06
1.25460713E-01  2.75313520E-05  3.78040075E-06
1.25981129E-01  1.80214866E-05  3.81929007E-06
1.26501544E-01  2.21497858E-05  3.89989651E-06
1.27021956E-01  2.35610492E-05  3.86671842E-06
1.27542367E-01  1.42505538E-05  3.90785383E-06
1.28062775E-01  2.54829010E-05  4.05546491E-06
1.28583181E-01  1.74374795E-05  3.98448775E-06
1.29103585E-01  1.89345898E-05  4.10377739E-06
1.29623987E-01  2.45517097E-05  4.16067086E-06
1.30144387E-01  1.99560577E-05  4.10339486E-06
1.30664785E-01  1.95293047E-05  4.08842839E-06
1.31185180E-01  1.95787685E-05  4.20112729E-06
1.31705574E-01  1.54219380E-05  4.17136088E-06
1.32225965E-01  1.56972609E-05  4.11429682E-06
1.32746354E-01  2.43678310E-05  4.28658551E-06
1.33266741E-01  2.13631661E-05  4.21243895E-06
1.33787125E-01  2.12591139E-05  4.26723707E-06
1.34307508E-01  2.22220492E-05  4.43027763E-06
1.34827888E-01  1.52069978E-05  4.18970550E-06
1.35348266E-01  1.44489903E-05  3.96394793E-06
1.35868642E-01  2.05937738E-05  4.01768527E-06
1.36389015E-01  2.20585615E-05  3.93299010E-06
1.36909387E-01  1.11027397E-05  3.87120696E-06
1.37429756E-01  2.05156200E-05  3.96414185E-06
1.37950122E-01  2.16100907E-05  3.88834870E-06
1.38470487E-01  1.71197139E-05  3.73720148E-06
1.38990849E-01  1.06780108E-05  3.65527140E-06
1.39511209E-01  1.82207166E-05  3.74757199E-06
1.40031566E-01  1.65322022E-05  3.65163384E-06
1.40551922E-01  1.81950131E-05  3.70644496E-06
1.41072275E-01  1.47894941E-05  3.53882806E-06
1.41592625E-01  1.33440899E-05  3.51011007E-06
1.42112974E-01  1.54723438E-05  3.69292684E-06
1.42633320E-01  1.20873463E-05  3.56865828E-06
1.43153663E-01  1.82904041E-05  3.58826700E-06
1.43674005E-01  1.81115031E-05  3.62901761E-06
1.44194343E-01  9.33291319E-06  3.52831878E-06
1.44714680E-01  1.72047634E-05  3.54411549E-06
1.45235014E-01  1.24153284E-05  3.51994114E-06
1.45755346E-01  2.39573646E-05  3.55957889E-06
1.46275675E-01  1.77272590E-05  3.53180527E-06
1.46796002E-01  1.23797511E-05  3.55363249E-06
1.47316327E-01  1.85859385E-05  3.53740595E-06
1.47836649E-01  7.85175685E-06  3.51115443E-06
1.48356968E-01  9.46728972E-06  3.42631174E-06
1.48877286E-01  1.68505774E-05  3.54615088E-06
1.49397600E-01  1.56222428E-05  3.51832282E-06
1.49917913E-01  1.44504136E-05  3.47308054E-06
1.50438223E-01  1.27702744E-05  3.57642641E-06
1.50958530E-01  1.58317813E-05  3.45017403E-06
1.51478835E-01  1.82698369E-05  3.45012355E-06
1.51999137E-01  9.27925560E-06  3.46310922E-06
1.52519437E-01  2.03410470E-05  3.50555861E-06
1.53039734E-01  1.35651962E-05  3.58596626E-06
1.53560029E-01  7.77976068E-06  3.39956213E-06
1.54080321E-01  1.09982280E-05  3.48244281E-06
1.54600611E-01  1.64691649E-05  3.41016988E-06
1.55120898E-01  1.36505186E-05  3.37137009E-06
1.55641183E-01  1.53142402E-05  3.48356637E-06
1.56161465E-01  1.67574780E-05  3.36359700E-06
1.56681745E-01  1.31592351E-05  3.34679518E-06
1.57202022E-01  9.90918398E-06  3.38230320E-06
1.57722296E-01  1.38724497E-05  3.40630513E-06
1.58242568E-01  8.25958787E-06  3.41658856E-06
1.58762837E-01  1.23976183E-05  3.39753196E-06
1.59283103E-01  9.28694560E-06  3.29534040E-06
1.59803367E-01  2.13002843E-05  3.54634157E-06
1.60323629E-01  1.04708951E-05  3.32992581E-06
1.60843887E-01  1.07982541E-05  3.41980459E-06
1.61364143E-01  1.33678849E-05  3.40070091E-06
1.61884397E-01  9.19922966E-06  3.42501895E-06
1.62404647E-01  1.37274840E-05  3.43498852E-06
1.62924895E-01  6.86105892E-06  3.34556840E-06
1.63445140E-01  2.03027262E-05  3.41294721E-06
1.63965383E-01  1.51405726E-05  3.42810316E-06
1.64485623E-01  9.11205402E-06  3.29872673E-06
1.65005860E-01  1.54709327E-05  3.37542531E-06
1.65526095E-01  1.44251937E-05  3.34645157E-06
1.66046326E-01  1.01336936E-05  3.25288083E-06
1.66566555E-01  1.67888604E-05  3.42602937E-06
1.67086782E-01  1.50518536E-05  3.32708080E-06
1.67607005E-01  1.21832079E-05  3.31883228E-06
1.68127226E-01  6.94055221E-06  3.28594032E-06
1.68647444E-01  1.28107722E-05  3.25155295E-06
1.69167659E-01  1.24820682E-05  3.28095416E-06
1.69687872E-01  1.51780799E-05  3.41317447E-06
1.70208081E-01  1.52784929E-05  3.30423512E-06
1.70728288E-01  7.71367377E-06  3.29047455E-06
1.71248492E-01  7.36051144E-06  3.24861557E-06
1.71768693E-01  8.26598888E-06  3.27232354E-06
1.72288892E-01  8.88032180E-06  3.23979278E-06
1.72809087E-01  1.44211331E-05  3.27154503E-06
1.73329280E-01  1.67175967E-05  3.31298364E-06
1.73849470E-01  1.84460542E-05  3.27729029E-06
1.74369657E-01  7.05608644E-06  3.24898431E-06
1.74889841E-01  1.21306661E-05  3.14822475E-06
1.75410022E-01  4.65729507E-06  3.14411949E-06
1.75930200E-01  8.88710955E-06  3.15405573E-06
1.76450376E-01  1.08385006E-05  3.29459939E-06
1.76970548E-01  1.09672587E-05  3.19126622E-06
1.77490718E-01  8.68421094E-06  3.21991337E-06
1.78010884E-01  8.79430192E-06  3.22698809E-06
1.78531048E-01  1.13101918E-05  3.23452600E-06
1.79051209E-01  1.17763685E-05  3.26927430E-06
1.79571367E-01  8.13978164E-06  3.21759987E-06
1.80091522E-01  9.88892236E-06  3.20301421E-06
1.80611674E-01  9.22699795E-06  3.20483671E-06
1.81131823E-01  6.31277471E-06  3.14397899E-06
1.81651969E-01  1.24768766E-05  3.18579237E-06
1.82172112E-01  1.33120400E-05  3.18068350E-06
1.82692252E-01  1.12145277E-05  3.27113855E-06
1.83212389E-01  7.94412097E-06  3.10637528E-06
1.83732523E-01  8.45083817E-06  3.17466418E-06
1.84252654E-01  7.65722085E-06  3.14618370E-06
1.84772781E-01  1.12471212E-05  3.18911574E-06
1.85292906E-01  5.69612615E-06  3.17870195E-06
1.85813028E-01  8.16893170E-06  3.08558360E-06
1.86333147E-01  8.52601690E-06  3.06358438E-06
1.86853263E-01  5.33707379E-06  3.08755111E-06
1.87373375E-01  1.22561066E-05  3.11078741E-06
1.87893485E-01  1.12353913E-05  3.16380243E-06
1.88413591E-01  5.01271752E-06  3.06570428E-06
1.88933694E-01  1.16463312E-05  3.09800559E-06
1.89453795E-01  1.27983341E-05  3.16569183E-06
1.89973892E-01  5.43909612E-06  3.00682366E-06
1.90493986E-01  1.61899887E-05  3.11731948E-06
1.91014077E-01  9.61144863E-06  3.12039529E-06
1.91534164E-01  7.79720160E-06  3.13025135E-06
1.92054249E-01  1.11848604E-05  3.14198826E-06
1.92574330E-01  3.10545588E-06  3.04965113E-06
1.93094408E-01  6.75101812E-06  3.02785265E-06
1.93614483E-01  1.13232023E-05  3.08346328E-06
1.94134555E-01  5.53147183E-06  3.02894180E-06
1.94654624E-01  7.10456134E-06  3.02861568E-06
1.95174689E-01  5.04535025E-06  3.02143162E-06
1.95694752E-01  8.59242120E-06  3.13404687E-06
1.96214811E-01  9.67818080E-06  3.11085412E-06
1.96734866E-01  8.50984024E-06  3.09651109E-06
1.97254919E-01  3.84941996E-06  3.00099265E-06
1.97774968E-01  1.07919483E-05  3.01966875E-06
1.98295014E-01  1.00743489E-05  3.08211391E-06
1.98815057E-01  1.09319446E-05  3.09240118E-06
1.99335096E-01  1.28036670E-05  3.09340169E-06
1.99855133E-01  5.97526605E-06  3.00378569E-06
2.00375166E-01  2.40462035E-06  3.02187811E-06
2.00895195E-01  6.41119730E-06  3.05982887E-06
2.01415221E-01  1.31452564E-05  3.08453072E-06
2.01935244E-01  1.04552398E-05  3.06054670E-06
2.02455264E-01  7.29114764E-06  2.98507332E-06
2.02975280E-01  3.08858850E-06  2.92162589E-06
2.03495293E-01  9.84391838E-06  3.06616941E-06
2.04015303E-01  6.89213806E-06  2.95477422E-06
2.04535309E-01  5.91650553E-06  3.07276626E-06
2.05055312E-01  6.78343573E-06  3.03067871E-06
2.05575312E-01  5.48477439E-06  3.04260977E-06
2.06095308E-01  1.32492904E-05  3.09854124E-06
2.06615301E-01  6.62544480E-06  3.04751894E-06
2.07135290E-01  8.85592397E-06  3.18186441E-06
2.07655276E-01  8.68010222E-06  3.13891256E-06
2.08175259E-01  3.49667244E-06  3.17322993E-06
2.08695238E-01  8.62909536E-06  3.19494457E-06
2.09215213E-01  5.66917356E-06  3.13061052E-06
2.09735186E-01  1.61438899E-06  3.11128025E-06
2.10255155E-01  9.47763581E-06  3.11391439E-06
2.10775120E-01  6.78603334E-06  3.13145749E-06
2.11295082E-01  7.51985372E-06  3.07485046E-06
2.11815040E-01  1.05844863E-05  3.05818164E-06
2.12334995E-01  6.58257072E-06  3.13463939E-06
2.12854946E-01  1.21769495E-05  3.18600359E-06
2.13374894E-01  5.75154401E-06  3.07194690E-06
2.13894839E-01  6.61945793E-06  2.96926538E-06
2.14414780E-01  4.01609660E-06  3.03868985E-06
2.14934717E-01  7.31883993E-06  2.97639990E-06
2.15454651E-01  7.38849674E-06  3.08909974E-06
2.15974581E-01  1.19686497E-06  2.98848729E-06
2.16494508E-01  9.90631798E-06  3.02001356E-06
2.17014431E-01  6.63058588E-06  2.99094394E-06
2.17534350E-01  5.80357241E-06  3.01349890E-06
2.18054266E-01  9.78231954E-06  3.06127348E-06
2.18574179E-01  4.37254564E-06  2.94468152E-06
2.19094087E-01  2.85315572E-06  2.93185797E-06
2.19613993E-01  5.60449255E-06  2.96714108E-06
2.20133894E-01  7.39863694E-06  2.97171395E-06
2.20653792E-01  1.09822628E-05  3.00837603E-06
2.21173687E-01  1.06851052E-05  2.98640543E-06
2.21693577E-01  4.79155404E-06  2.90932950E-06
2.22213464E-01  7.86158792E-06  2.98863580E-06
2.22733348E-01  7.26448134E-06  2.98531504E-06
2.23253227E-01  7.35665276E-06  3.00758652E-06
2.23773103E-01  2.83409728E-06  2.83389378E-06
2.24292976E-01  2.46654083E-06  2.85629895E-06
2.24812844E-01  7.35562146E-06  2.87541824E-06
2.25332709E-01  3.96031631E-06  2.88177883E-06
2.25852571E-01  1.21423013E-06  2.88628364E-06
2.26372428E-01  4.53019601E-06  2.85417153E-06
2.26892282E-01  4.07574955E-06  2.86026157E-06
2.27412132E-01  7.16931593E-07  2.83946611E-06
2.27931979E-01  3.24576436E-06  2.84922654E-06
2.28451821E-01  3.63402771E-06  2.87364314E-06
2.28971660E-01  1.98278718E-06  2.79661900E-06
2.29491495E-01  8.52223294E-06  2.89013141E-06
2.30011326E-01  6.56240278E-06  2.86082466E-06
2.30531154E-01  4.91492471E-06  2.87180187E-06
2.31050978E-01  9.18461093E-07  2.85018801E-06
2.31570798E-01  1.13459891E-05  2.96023692E-06
2.32090614E-01  3.23564533E-06  2.85230908E-06
2.32610426E-01  9.57307720E-06  2.89294989E-06
2.33130234E-01  5.31785477E-06  2.86372055E-06
2.33650039E-01  9.22644820E-06  2.89740723E-06
2.34169840E-01  8.07598619E-06  2.83191041E-06
2.34689637E-01  5.81315237E-06  2.79820537E-06
2.35209430E-01  6.57133107E-06  2.83193807E-06
2.35729219E-01  5.27740621E-06  2.82600196E-06
2.36249004E-01  1.39535132E-06  2.87976349E-06
2.36768786E-01  9.00127636E-06  2.94371135E-06
2.37288563E-01  8.13535574E-06  3.00836927E-06
2.37808337E-01  9.28836914E-06  3.06698392E-06
2.38328107E-01  1.28616319E-05  3.11456250E-06
2.38847873E-01  9.14603834E-06  3.20857082E-06
2.39367635E-01  2.65826547E-06  3.07768097E-06
2.39887392E-01  6.78435720E-06  3.15248221E-06
2.40407146E-01  1.74629476E-06  3.09731803E-06
2.40926897E-01  8.89855306E-06  3.27912694E-06
2.41446643E-01  9.32753314E-06  3.19619872E-06
2.41966385E-01  1.94336722E-06  3.24688484E-06
2.42486123E-01  5.59145729E-06  3.07559344E-06
2.43005857E-01  8.15960587E-06  3.17368210E-06
2.43525587E-01  5.97241946E-06  3.24780656E-06
2.44045313E-01  6.81756107E-06  3.21318031E-06
2.44565035E-01  7.77546015E-06  3.20801797E-06
2.45084754E-01  6.65385536E-06  3.13553760E-06
2.45604468E-01  2.75808534E-06  3.02236111E-06
2.46124178E-01  1.77481413E-06  2.93304156E-06
2.46643884E-01  5.97168311E-06  2.91220793E-06
2.47163586E-01  7.08805827E-06  2.93691239E-06
2.47683283E-01  5.56346951E-06  2.99288595E-06
2.48202977E-01  -6.83483557E-07  2.86858945E-06
2.48722667E-01  4.12114348E-06  2.92891631E-06
2.49242353E-01  1.05516688E-06  2.81923471E-06
2.49762034E-01  5.24381320E-06  2.92270901E-06
2.50281712E-01  5.84481255E-06  2.91090066E-06
2.50801385E-01  5.78222756E-06  2.84936640E-06
2.51321054E-01  4.91027200E-06  2.81218682E-06
2.51840719E-01  6.28610278E-06  2.83232727E-06
2.52360380E-01  9.66173525E-06  2.84433731E-06
2.52880037E-01  7.30611741E-06  2.86833533E-06
2.53399689E-01  3.72704073E-06  2.79872076E-06
2.53919338E-01  6.50505154E-06  2.82565995E-06
2.54438982E-01  6.50469169E-06  2.88789812E-06
2.54958622E-01  5.83065062E-06  2.88058092E-06
2.55478258E-01  2.87217880E-06  2.77362166E-06
2.55997890E-01  8.39919686E-06  2.87854342E-06
2.56517517E-01  7.70049350E-06  2.84077897E-06
2.57037140E-01  6.23988995E-06  2.79735873E-06
2.57556759E-01  -3.12659592E-06  2.68823861E-06
2.58076374E-01  4.99039119E-06  2.82403108E-06
2.58595985E-01  3.26645489E-06  2.79872722E-06
2.59115591E-01  1.78120423E-06  2.75263828E-06
2.59635193E-01  4.11160223E-06  2.77493667E-06
2.60154791E-01  3.78775494E-06  2.73043199E-06
2.60674384E-01  4.03364603E-06  2.77825841E-06
2.61193974E-01  6.39624969E-06  2.76376476E-06
2.61713559E-01  6.72156268E-06  2.80369923E-06
2.62233139E-01  1.41682152E-06  2.79749427E-06
2.62752716E-01  7.85845934E-06  2.78169803E-06
2.63272287E-01  3.12212823E-06  2.76455697E-06
2.63791855E-01  4.10557858E-06  2.73413397E-06
2.64311418E-01  -2.46097138E-06  2.72076902E-06
2.64830977E-01  7.41178644E-06  2.78958144E-06
2.65350532E-01  4.31846736E-06  2.76784734E-06
2.65870082E-01  -1.81195643E-06  2.69359743E-06
2.66389628E-01  4.78810503E-06  2.74461079E-06
2.66909170E-01  2.14441893E-06  2.69772413E-06
2.67428707E-01  4.05406819E-06  2.74648384E-06
2.67948240E-01  6.39086970E-07  2.71497204E-06
2.68467768E-01  2.96118293E-06  2.76847262E-06
2.68987292E-01  1.39472100E-08  2.63266894E-06
2.69506811E-01  1.54515558E-06  2.68790618E-06
2.70026326E-01  6.75552493E-07  2.72859113E-06
2.70545837E-01  3.66070322E-06  2.76414685E-06
2.71065343E-01  1.34720834E-06  2.66407334E-06
2.71584845E-01  4.58676317E-06  2.70459456E-06
2.72104342E-01  6.59156010E-07  2.67606758E-06
2.72623835E-01  3.13375257E-06  2.65760428E-06
2.73143323E-01  6.90584842E-06  2.68792039E-06
2.73662807E-01  2.28937036E-06  2.63327960E-06
2.74182286E-01  -1.84560779E-06  2.63654044E-06
2.74701761E-01  4.31122926E-06  2.68796530E-06
2.75221232E-01  3.38345312E-06  2.63040591E-06
2.75740697E-01  2.24267620E-06  2.71966701E-06
2.76260159E-01  6.27152460E-06  2.72727471E-06
2.76779615E-01  6.35339635E-06  2.69204766E-06
2.77299067E-01  -3.89983213E-07  2.71036221E-06
2.77818515E-01  6.26210652E-06  2.68335994E-06
2.78337958E-01  2.82413406E-06  2.62136758E-06
2.78857396E-01  2.53620959E-06  2.68379221E-06
2.79376830E-01  2.01800792E-06  2.66100032E-06
2.79896260E-01  3.39887812E-06  2.68415775E-06
2.80415684E-01  5.77988919E-06  2.65792133E-06
2.80935104E-01  4.40154659E-06  2.70080916E-06
2.81454520E-01  6.48798651E-06  2.68715048E-06
2.81973931E-01  9.38262493E-06  2.71967323E-06
2.82493337E-01  6.76725578E-06  2.73642254E-06
2.83012739E-01  4.42001668E-06  2.64966502E-06
2.83532135E-01  7.57559183E-06  2.75627437E-06
2.84051528E-01  5.33533327E-07  2.56524509E-06
2.84570915E-01  3.84302195E-06  2.66724719E-06
2.85090298E-01  7.08528412E-06  2.65234317E-06
2.85609676E-01  4.81990986E-06  2.59350262E-06
2.86129050E-01  2.44097634E-06  2.64748662E-06
2.86648419E-01  1.72755929E-06  2.55563879E-06
2.87167783E-01  4.36156314E-06  2.62810559E-06
2.87687142E-01  4.05314657E-06  2.70691088E-06
2.88206497E-01  3.44951668E-06  2.59967962E-06
2.88725847E-01  1.59699782E-06  2.60155060E-06
2.89245192E-01  5.82698451E-06  2.65647392E-06
2.89764533E-01  2.96911942E-06  2.62298480E-06
2.90283868E-01  -7.49603633E-08  2.61535478E-06
2.90803199E-01  1.12728757E-06  2.60202513E-06
2.91322525E-01  2.25309357E-06  2.59044119E-06
2.91841847E-01  -2.84530750E-06  2.54165158E-06
2.92361163E-01  4.13003948E-06  2.60732251E-06
2.92880475E-01  5.61629475E-06  2.56510049E-06
2.93399782E-01  3.28746880E-06  2.58921568E-06
2.93919084E-01  2.24825882E-06  2.62028827E-06
2.94438382E-01  2.82080299E-06  2.54559645E-06
2.94957674E-01  8.99964391E-06  2.62439862E-06
2.95476962E-01  6.19440370E-06  2.64327471E-06
2.95996244E-01  1.09572433E-07  2.55999935E-06
2.96515522E-01  6.22578575E-06  2.59397847E-06
2.97034795E-01  3.99206350E-06  2.54684854E-06
2.97554064E-01  2.70400998E-06  2.60731909E-06
2.98073327E-01  5.39412048E-06  2.57565492E-06
2.98592585E-01  2.79723143E-06  2.56168727E-06
2.99111839E-01  7.96809580E-06  2.55108770E-06
2.99631087E-01  4.39882550E-06  2.57491370E-06


### HEADER:
#
#{
#    "analysis": {}, 
#    "calibration_params": {
#        "Beam_Center_X": 887.855024985, 
#        "Beam_Center_Y": 879.419491507, 
#        "Detector_Pixel_Size": 0.172, 
#        "Radial_Average_Method": "RAW", 
#        "Sample-to-detector distance (mm)": 2008.92254621, 
#        "Wavelength (A)": 1.03320164497
#    }, 
#    "config_file": null, 
#    "counters": {
#        "D_hutch_shutter_open": "True", 
#        "Date": "2019-12-12 17:22:14.798463", 
#        "Exposure time/frame (s)": "0.095", 
#        "Exposure_period/frame_s": "0.1", 
#        "File_prefix": "em05_011", 
#        "Front_end_shutter_open": "True", 
#        "I0_gain": "1e+05", 
#        "I1_gain": "1e+07", 
#        "I2_gain": "1e+04", 
#        "I3_gain": "1e+07", 
#        "Instrument": "BioCAT (Sector 18, APS)", 
#        "Number_of_frames": "23", 
#        "Number_of_scans": "45.0", 
#        "Return_acceleration_mm/s^2": "10.0", 
#        "Return_speed_mm/s": "10.0", 
#        "Return_time_s": "0.176635217327", 
#        "Save_directory": "/nas_data/2019_Run3/20191205Hopkins/martin_laminar/em05", 
#        "Scan_acceleration_mm/s^2": "10.0", 
#        "Scan_end_offset_mm": "0.004", 
#        "Scan_speed_mm/s": "0.03", 
#        "Scan_start_offset_mm": "0.004", 
#        "Scan_type": "Grid", 
#        "Step_acceleration_mm/s^2": "10.0", 
#        "Step_axis": "X", 
#        "Step_speed_mm/s": "10.0", 
#        "Time_per_scan_s": "2.603", 
#        "Total_time_s": "2722.74942326", 
#        "Vector_scan_length_mm": "0.07", 
#        "Wait_for_trigger": "False", 
#        "X_scan_end_mm": "-60.186", 
#        "X_scan_start_mm": "-75.186", 
#        "X_scan_step_mm": "1.0", 
#        "Y_scan_end_mm": "-1.8651", 
#        "Y_scan_start_mm": "-1.9351", 
#        "x": "-63.186"
#    }, 
#    "filename": "em05_011_s013_avg.dat", 
#    "history": {
#        "averaged_files": [
#            [
#                "em05_011_s013_0005_0012.dat", 
#                {
#                    "subtraction": {
#                        "initial_file": [
#                            "em05_011_s013_0005_0012.dat", 
#                            {
#                                "averaged_files": [
#                                    [
#                                        "em05_011_s013_0005_0012.dat"
#                                    ], 
#                                    [
#                                        "em05_011_s013_0006_0012.dat"
#                                    ], 
#                                    [
#                                        "em05_011_s013_0007_0012.dat"
#                                    ]
#                                ]
#                            }
#                        ], 
#                        "subtracted_file": [
#                            "em05_011_s013_avg_0012.dat", 
#                            {
#                                "averaged_files": [
#                                    [
#                                        "em05_011_s013_0001_0012.dat"
#                                    ], 
#                                    [
#                                        "em05_011_s013_0002_0012.dat"
#                                    ], 
#                                    [
#                                        "em05_011_s013_0003_0012.dat"
#                                    ], 
#                                    [
#                                        "em05_011_s013_0013_0012.dat"
#                                    ], 
#                                    [
#                                        "em05_011_s013_0014_0012.dat"
#                                    ], 
#                                    [
#                                        "em05_011_s013_0015_0012.dat"
#                                    ], 
#                                    [
#                                        "em05_011_s013_0016_0012.dat"
#                                    ], 
#                                    [
#                                        "em05_011_s013_0017_0012.dat"
#                                    ], 
#                                    [
#                                        "em05_011_s013_0018_0012.dat"
#                                    ]
#                                ]
#                            }
#                        ]
#                    }
#                }
#            ], 
#            [
#                "em05_011_s013_0005_0013.dat", 
#                {
#                    "subtraction": {
#                        "initial_file": [
#                            "em05_011_s013_0005_0013.dat", 
#                            {
#                                "averaged_files": [
#                                    [
#                                        "em05_011_s013_0005_0013.dat"
#                                    ], 
#                                    [
#                                        "em05_011_s013_0006_0013.dat"
#                                    ], 
#                                    [
#                                        "em05_011_s013_0007_0013.dat"
#                                    ], 
#                                    [
#                                        "em05_011_s013_0009_0013.dat"
#                                    ]
#                                ]
#                            }
#                        ], 
#                        "subtracted_file": [
#                            "em05_011_s013_avg_0013.dat", 
#                            {
#                                "averaged_files": [
#                                    [
#                                        "em05_011_s013_0001_0013.dat"
#                                    ], 
#                                    [
#                                        "em05_011_s013_0002_0013.dat"
#                                    ], 
#                                    [
#                                        "em05_011_s013_0003_0013.dat"
#                                    ], 
#                                    [
#                                        "em05_011_s013_0013_0013.dat"
#                                    ], 
#                                    [
#                                        "em05_011_s013_0014_0013.dat"
#                                    ], 
#                                    [
#                                        "em05_011_s013_0015_0013.dat"
#                                    ], 
#                                    [
#                                        "em05_011_s013_0016_0013.dat"
#                                    ], 
#                                    [
#                                        "em05_011_s013_0017_0013.dat"
#                                    ], 
#                                    [
#                                        "em05_011_s013_0018_0013.dat"
#                                    ]
#                                ]
#                            }
#                        ]
#                    }
#                }
#            ], 
#            [
#                "em05_011_s013_0005_0014.dat", 
#                {
#                    "subtraction": {
#                        "initial_file": [
#                            "em05_011_s013_0005_0014.dat", 
#                            {
#                                "averaged_files": [
#                                    [
#                                        "em05_011_s013_0005_0014.dat"
#                                    ], 
#                                    [
#                                        "em05_011_s013_0006_0014.dat"
#                                    ], 
#                                    [
#                                        "em05_011_s013_0007_0014.dat"
#                                    ], 
#                                    [
#                                        "em05_011_s013_0008_0014.dat"
#                                    ], 
#                                    [
#                                        "em05_011_s013_0009_0014.dat"
#                                    ]
#                                ]
#                            }
#                        ], 
#                        "subtracted_file": [
#                            "em05_011_s013_avg_0014.dat", 
#                            {
#                                "averaged_files": [
#                                    [
#                                        "em05_011_s013_0001_0014.dat"
#                                    ], 
#                                    [
#                                        "em05_011_s013_0002_0014.dat"
#                                    ], 
#                                    [
#                                        "em05_011_s013_0003_0014.dat"
#                                    ], 
#                                    [
#                                        "em05_011_s013_0013_0014.dat"
#                                    ], 
#                                    [
#                                        "em05_011_s013_0014_0014.dat"
#                                    ], 
#                                    [
#                                        "em05_011_s013_0015_0014.dat"
#                                    ], 
#                                    [
#                                        "em05_011_s013_0016_0014.dat"
#                                    ], 
#                                    [
#                                        "em05_011_s013_0017_0014.dat"
#                                    ], 
#                                    [
#                                        "em05_011_s013_0018_0014.dat"
#                                    ]
#                                ]
#                            }
#                        ]
#                    }
#                }
#            ], 
#            [
#                "em05_011_s013_0008_0015.dat", 
#                {
#                    "subtraction": {
#                        "initial_file": [
#                            "em05_011_s013_0008_0015.dat", 
#                            {
#                                "averaged_files": [
#                                    [
#                                        "em05_011_s013_0008_0015.dat"
#                                    ], 
#                                    [
#                                        "em05_011_s013_0009_0015.dat"
#                                    ]
#                                ]
#                            }
#                        ], 
#                        "subtracted_file": [
#                            "em05_011_s013_avg_0015.dat", 
#                            {
#                                "averaged_files": [
#                                    [
#                                        "em05_011_s013_0001_0015.dat"
#                                    ], 
#                                    [
#                                        "em05_011_s013_0002_0015.dat"
#                                    ], 
#                                    [
#                                        "em05_011_s013_0003_0015.dat"
#                                    ], 
#                                    [
#                                        "em05_011_s013_0013_0015.dat"
#                                    ], 
#                                    [
#                                        "em05_011_s013_0014_0015.dat"
#                                    ], 
#                                    [
#                                        "em05_011_s013_0015_0015.dat"
#                                    ], 
#                                    [
#                                        "em05_011_s013_0016_0015.dat"
#                                    ], 
#                                    [
#                                        "em05_011_s013_0017_0015.dat"
#                                    ], 
#                                    [
#                                        "em05_011_s013_0018_0015.dat"
#                                    ]
#                                ]
#                            }
#                        ]
#                    }
#                }
#            ], 
#            [
#                "em05_011_s013_0008_0016.dat", 
#                {
#                    "subtraction": {
#                        "initial_file": [
#                            "em05_011_s013_0008_0016.dat", 
#                            {
#                                "averaged_files": [
#                                    [
#                                        "em05_011_s013_0008_0016.dat"
#                                    ]
#                                ]
#                            }
#                        ], 
#                        "subtracted_file": [
#                            "em05_011_s013_avg_0016.dat", 
#                            {
#                                "averaged_files": [
#                                    [
#                                        "em05_011_s013_0001_0016.dat"
#                                    ], 
#                                    [
#                                        "em05_011_s013_0002_0016.dat"
#                                    ], 
#                                    [
#                                        "em05_011_s013_0003_0016.dat"
#                                    ], 
#                                    [
#                                        "em05_011_s013_0013_0016.dat"
#                                    ], 
#                                    [
#                                        "em05_011_s013_0014_0016.dat"
#                                    ], 
#                                    [
#                                        "em05_011_s013_0015_0016.dat"
#                                    ], 
#                                    [
#                                        "em05_011_s013_0016_0016.dat"
#                                    ], 
#                                    [
#                                        "em05_011_s013_0017_0016.dat"
#                                    ], 
#                                    [
#                                        "em05_011_s013_0018_0016.dat"
#                                    ]
#                                ]
#                            }
#                        ]
#                    }
#                }
#            ]
#        ]
#    }, 
#    "imageHeader": {
#        "Count_cutoff": "921498 counts", 
#        "Excluded_pixels": "badpix_mask.tif", 
#        "Exposure_period": "0.1000000 s", 
#        "Exposure_time": "0.0950000 s", 
#        "Flat_field": "FF_p10-0130_E12000_T6000_vrf_m0p100.tif", 
#        "Gain_setting": "autog (vrf = 1.000)", 
#        "Image_path": "/ramdisk/martin_laminar/em05/", 
#        "N_excluded_pixels": "35", 
#        "Pixel_size": "172e-6 m x 172e-6 m", 
#        "Ratecorr_lut_directory": "ContinuousStandard_v1.1", 
#        "Retrigger_mode": "1", 
#        "Silicon": "sensor, thickness 0.000450 m", 
#        "Tau": "0 s", 
#        "Threshold_setting": "6000 eV", 
#        "Trim_file": "p10-0130_E12000_T6000.bin"
#    }, 
#    "metadata": {
#        "Detector": "Pilatus3 X 1M"
#    }, 
#    "normalizations": {
#        "Absolute_scale": {
#            "Absolute_scale_factor": 363.261674964, 
#            "Ignore_background": true, 
#            "Sample_thickness_[mm]": 1.0
#        }, 
#        "Counter_norms": [
#            [
#                "/", 
#                "I1"
#            ]
#        ], 
#        "Solid_Angle_Correction": "On"
#    }, 
#    "raw_version": "1.6.3", 
#    "scan_time": 64.85526499399997
#}

