### DATA:
#
# 559
#      Q             I(Q)           Error     
9.37199723E-03  3.41955042E-04  9.20052434E-05
9.89266274E-03  3.94327341E-04  8.44334765E-05
1.04133281E-02  1.99883785E-04  6.73764101E-05
1.09339933E-02  3.10848863E-04  6.34826870E-05
1.14546582E-02  3.62213226E-04  6.00926301E-05
1.19753230E-02  3.54748770E-04  5.13005723E-05
1.24959877E-02  2.41876925E-04  4.54850329E-05
1.30166521E-02  2.30398347E-04  3.65387207E-05
1.35373162E-02  2.67910131E-04  3.75610214E-05
1.40579802E-02  2.53728669E-04  3.03452818E-05
1.45786439E-02  2.13229420E-04  2.69516468E-05
1.50993074E-02  2.34665050E-04  2.57977210E-05
1.56199707E-02  2.55658118E-04  2.19327099E-05
1.61406336E-02  2.70712798E-04  2.30684554E-05
1.66612964E-02  2.67665413E-04  1.96503808E-05
1.71819588E-02  2.45214866E-04  1.97330335E-05
1.77026210E-02  2.54676454E-04  1.78119748E-05
1.82232828E-02  2.19447198E-04  1.81529605E-05
1.87439444E-02  2.78995073E-04  1.77406309E-05
1.92646056E-02  2.40178732E-04  1.72322871E-05
1.97852666E-02  2.38232510E-04  1.70653318E-05
2.03059272E-02  2.04865644E-04  1.59405474E-05
2.08265875E-02  2.26133417E-04  1.54915649E-05
2.13472474E-02  2.06155841E-04  1.47393266E-05
2.18679070E-02  2.25634813E-04  1.42845270E-05
2.23885662E-02  2.09016658E-04  1.37598221E-05
2.29092251E-02  2.31128574E-04  1.40578729E-05
2.34298835E-02  2.16930496E-04  1.37431748E-05
2.39505416E-02  2.22938490E-04  1.33868664E-05
2.44711993E-02  2.14026770E-04  1.35081561E-05
2.49918566E-02  2.34285001E-04  1.31374895E-05
2.55125135E-02  2.09815562E-04  1.18789782E-05
2.60331699E-02  2.17407146E-04  1.11846947E-05
2.65538260E-02  2.26866645E-04  1.17305758E-05
2.70744815E-02  1.99517426E-04  1.06379560E-05
2.75951367E-02  2.00468743E-04  1.04605013E-05
2.81157914E-02  2.14669225E-04  1.06678730E-05
2.86364456E-02  1.69992543E-04  9.43231306E-06
2.91570993E-02  1.86430940E-04  9.27071265E-06
2.96777526E-02  1.93153528E-04  9.77921952E-06
3.01984054E-02  1.76255666E-04  9.13839360E-06
3.07190577E-02  1.87348733E-04  9.06110153E-06
3.12397095E-02  1.81041870E-04  8.83258661E-06
3.17603607E-02  1.81557525E-04  8.66462461E-06
3.22810114E-02  1.85960939E-04  8.33203848E-06
3.28016617E-02  1.86939746E-04  8.83778825E-06
3.33223113E-02  1.90245931E-04  8.30700629E-06
3.38429604E-02  1.69147244E-04  7.92045548E-06
3.43636090E-02  1.83727774E-04  7.94534427E-06
3.48842570E-02  1.69451840E-04  7.90132106E-06
3.54049044E-02  1.64347993E-04  7.80991635E-06
3.59255512E-02  1.79958958E-04  7.63672516E-06
3.64461975E-02  1.67555867E-04  7.98150712E-06
3.69668431E-02  1.72749358E-04  7.41168252E-06
3.74874881E-02  1.76279947E-04  7.77012979E-06
3.80081325E-02  1.65339228E-04  7.29114906E-06
3.85287763E-02  1.60192283E-04  7.61795526E-06
3.90494195E-02  1.67465041E-04  7.29787406E-06
3.95700620E-02  1.63060928E-04  7.05476083E-06
4.00907038E-02  1.43298193E-04  7.00605015E-06
4.06113450E-02  1.52942269E-04  6.93771903E-06
4.11319855E-02  1.49278268E-04  6.89535213E-06
4.16526253E-02  1.47342615E-04  6.66605982E-06
4.21732645E-02  1.50485929E-04  6.73884979E-06
4.26939030E-02  1.41011530E-04  6.70275853E-06
4.32145407E-02  1.51321800E-04  6.29680123E-06
4.37351778E-02  1.45516303E-04  6.32500654E-06
4.42558141E-02  1.33155545E-04  6.06692939E-06
4.47764497E-02  1.37073992E-04  5.98617333E-06
4.52970845E-02  1.43330614E-04  6.10088437E-06
4.58177186E-02  1.47051290E-04  6.03198034E-06
4.63383520E-02  1.32842470E-04  5.87642827E-06
4.68589845E-02  1.36513788E-04  5.79089826E-06
4.73796164E-02  1.30915988E-04  5.92833198E-06
4.79002474E-02  1.34141828E-04  5.71249645E-06
4.84208776E-02  1.31482412E-04  5.73802252E-06
4.89415071E-02  1.27180161E-04  5.65685780E-06
4.94621357E-02  1.21273703E-04  5.76754496E-06
4.99827635E-02  1.30118910E-04  5.74555830E-06
5.05033905E-02  1.06287132E-04  5.46802301E-06
5.10240167E-02  1.20140717E-04  5.67899250E-06
5.15446420E-02  1.26473575E-04  5.67801609E-06
5.20652665E-02  1.24375114E-04  5.65747111E-06
5.25858901E-02  1.06119342E-04  5.31455677E-06
5.31065128E-02  1.14322274E-04  5.43185404E-06
5.36271347E-02  1.09995794E-04  5.47876228E-06
5.41477557E-02  1.25429646E-04  5.63931281E-06
5.46683758E-02  1.15666362E-04  5.39247797E-06
5.51889950E-02  1.02912446E-04  5.46157341E-06
5.57096132E-02  9.99938241E-05  5.18857471E-06
5.62302306E-02  1.02803232E-04  5.21948427E-06
5.67508470E-02  1.14446802E-04  5.61098119E-06
5.72714625E-02  1.06944964E-04  5.21306344E-06
5.77920771E-02  9.83317284E-05  5.19048556E-06
5.83126907E-02  9.75962539E-05  5.22782549E-06
5.88333033E-02  9.90043105E-05  5.29947456E-06
5.93539150E-02  9.34795382E-05  5.25078372E-06
5.98745257E-02  9.45400319E-05  5.18195473E-06
6.03951354E-02  9.08545229E-05  5.17826335E-06
6.09157441E-02  9.31178813E-05  5.16753323E-06
6.14363518E-02  9.13558609E-05  5.06470601E-06
6.19569585E-02  8.60218010E-05  4.79533330E-06
6.24775641E-02  9.35202583E-05  5.02342690E-06
6.29981688E-02  8.32348434E-05  4.89983576E-06
6.35187724E-02  8.87975793E-05  4.95861602E-06
6.40393749E-02  8.28643772E-05  4.80974207E-06
6.45599764E-02  8.32637872E-05  4.75307707E-06
6.50805768E-02  8.57764560E-05  4.88832687E-06
6.56011762E-02  8.67139987E-05  4.85610101E-06
6.61217745E-02  8.32675778E-05  4.86266441E-06
6.66423717E-02  8.15410158E-05  4.75808745E-06
6.71629677E-02  8.04623371E-05  4.76961833E-06
6.76835627E-02  7.84011637E-05  4.68997049E-06
6.82041566E-02  8.16045126E-05  4.67091874E-06
6.87247493E-02  7.36622871E-05  4.55745504E-06
6.92453409E-02  8.50493431E-05  4.67152556E-06
6.97659314E-02  7.01890368E-05  4.56599824E-06
7.02865207E-02  8.04267487E-05  4.67542672E-06
7.08071088E-02  7.10503709E-05  4.60969273E-06
7.13276958E-02  7.45272509E-05  4.51896533E-06
7.18482816E-02  7.52474911E-05  4.59924815E-06
7.23688663E-02  8.29499570E-05  4.65161463E-06
7.28894497E-02  7.07831974E-05  4.48103457E-06
7.34100319E-02  6.54833821E-05  4.44149022E-06
7.39306129E-02  7.87276050E-05  4.49344174E-06
7.44511927E-02  6.95404575E-05  4.44554581E-06
7.49717713E-02  6.03272537E-05  4.25017948E-06
7.54923486E-02  6.19378694E-05  4.34145635E-06
7.60129247E-02  6.87179253E-05  4.42463749E-06
7.65334996E-02  5.89931340E-05  4.39866636E-06
7.70540732E-02  6.35971883E-05  4.28529695E-06
7.75746455E-02  5.83673103E-05  4.20544048E-06
7.80952165E-02  6.03485603E-05  4.16909215E-06
7.86157862E-02  6.15872828E-05  4.20253596E-06
7.91363547E-02  5.90976078E-05  4.06439561E-06
7.96569218E-02  5.60023459E-05  4.08795033E-06
8.01774876E-02  6.21167261E-05  4.13912253E-06
8.06980521E-02  5.73149272E-05  4.22655191E-06
8.12186153E-02  5.88821772E-05  4.22436668E-06
8.17391771E-02  5.40807830E-05  4.11273013E-06
8.22597376E-02  5.09547811E-05  4.02999274E-06
8.27802967E-02  5.22639988E-05  4.24452818E-06
8.33008545E-02  5.62645991E-05  4.04530039E-06
8.38214109E-02  5.45020137E-05  4.14691481E-06
8.43419659E-02  5.61704112E-05  4.06900061E-06
8.48625195E-02  5.53714011E-05  4.07039228E-06
8.53830717E-02  5.57343732E-05  4.14675064E-06
8.59036225E-02  5.30529747E-05  4.13483222E-06
8.64241719E-02  5.19255994E-05  4.27350017E-06
8.69447199E-02  5.11612313E-05  4.25105802E-06
8.74652664E-02  5.24835447E-05  4.30188432E-06
8.79858115E-02  5.11161472E-05  4.34518441E-06
8.85063552E-02  4.68656691E-05  4.27878286E-06
8.90268974E-02  5.28716249E-05  4.47794333E-06
8.95474381E-02  3.80365263E-05  4.07282898E-06
9.00679773E-02  4.71150368E-05  4.31355141E-06
9.05885151E-02  4.82580649E-05  4.26319226E-06
9.11090513E-02  4.03608514E-05  4.18855191E-06
9.16295861E-02  3.89318526E-05  4.11924169E-06
9.21501193E-02  5.32725794E-05  4.31599325E-06
9.26706511E-02  4.53057694E-05  4.37338367E-06
9.31911813E-02  3.90090772E-05  4.19927537E-06
9.37117099E-02  4.57286616E-05  4.34893698E-06
9.42322370E-02  3.89909681E-05  4.38615589E-06
9.47527626E-02  4.12452400E-05  4.30252550E-06
9.52732866E-02  4.69073475E-05  4.40597036E-06
9.57938090E-02  3.99721011E-05  4.34020379E-06
9.63143299E-02  3.88386812E-05  4.26687653E-06
9.68348492E-02  4.72922029E-05  4.30571096E-06
9.73553668E-02  3.92319211E-05  4.27483802E-06
9.78758829E-02  3.12199185E-05  4.35344536E-06
9.83963973E-02  3.57337825E-05  4.29502676E-06
9.89169102E-02  4.03265087E-05  4.39545942E-06
9.94374214E-02  3.56369303E-05  4.21477260E-06
9.99579309E-02  3.46364186E-05  4.36967202E-06
1.00478439E-01  3.47280697E-05  4.36582839E-06
1.00998945E-01  3.50497161E-05  4.24448353E-06
1.01519450E-01  2.93924404E-05  4.23616336E-06
1.02039953E-01  3.35395994E-05  4.17353560E-06
1.02560454E-01  4.39632401E-05  4.29920997E-06
1.03080953E-01  3.38630585E-05  4.37401484E-06
1.03601451E-01  3.63350593E-05  4.13526606E-06
1.04121947E-01  4.02152675E-05  4.42817131E-06
1.04642442E-01  3.15157380E-05  4.28665038E-06
1.05162934E-01  3.58025215E-05  4.30513640E-06
1.05683425E-01  3.80196760E-05  4.25674508E-06
1.06203915E-01  2.98174678E-05  4.18567200E-06
1.06724402E-01  3.83484110E-05  4.35315399E-06
1.07244888E-01  2.97147553E-05  4.16591995E-06
1.07765372E-01  3.33771638E-05  4.31109772E-06
1.08285854E-01  2.88441743E-05  4.03125171E-06
1.08806334E-01  4.67601586E-05  4.37448573E-06
1.09326813E-01  3.70490408E-05  4.25543486E-06
1.09847290E-01  3.40082212E-05  4.22276838E-06
1.10367765E-01  2.80496342E-05  4.10487826E-06
1.10888238E-01  2.59127017E-05  4.01107261E-06
1.11408709E-01  2.16070740E-05  4.14047852E-06
1.11929179E-01  2.45316946E-05  4.00625563E-06
1.12449646E-01  3.25313192E-05  4.18231812E-06
1.12970112E-01  4.09277379E-05  4.29633692E-06
1.13490576E-01  2.69422528E-05  4.12352646E-06
1.14011038E-01  3.85450707E-05  4.25704502E-06
1.14531498E-01  3.24488255E-05  4.30468196E-06
1.15051956E-01  2.97229932E-05  4.11288511E-06
1.15572413E-01  2.20716460E-05  4.11151409E-06
1.16092867E-01  2.67311561E-05  4.05311975E-06
1.16613320E-01  2.82098475E-05  4.15446481E-06
1.17133771E-01  2.47418464E-05  4.02592469E-06
1.17654219E-01  2.44613738E-05  3.93475673E-06
1.18174666E-01  2.42719188E-05  4.10638741E-06
1.18695111E-01  2.05622128E-05  3.94532087E-06
1.19215554E-01  1.97122026E-05  4.01977114E-06
1.19735995E-01  2.04003927E-05  3.94168758E-06
1.20256434E-01  3.15007055E-05  4.02823740E-06
1.20776871E-01  2.18823133E-05  3.89437085E-06
1.21297306E-01  2.49156142E-05  4.02032329E-06
1.21817739E-01  1.07819207E-05  3.75544292E-06
1.22338170E-01  2.89966895E-05  4.04481080E-06
1.22858598E-01  2.02604278E-05  3.88435098E-06
1.23379025E-01  1.82971946E-05  3.90426164E-06
1.23899450E-01  1.61947477E-05  3.98353893E-06
1.24419873E-01  2.25145619E-05  3.94046169E-06
1.24940294E-01  2.68878165E-05  4.02323068E-06
1.25460713E-01  2.22850754E-05  3.95407015E-06
1.25981129E-01  2.13559426E-05  4.07594507E-06
1.26501544E-01  2.11091844E-05  4.13647094E-06
1.27021956E-01  2.41030356E-05  4.13435129E-06
1.27542367E-01  1.90566710E-05  4.25809890E-06
1.28062775E-01  2.40815938E-05  4.38605962E-06
1.28583181E-01  3.01530755E-05  4.28833681E-06
1.29103585E-01  1.62765526E-05  4.41354975E-06
1.29623987E-01  2.58012185E-05  4.33222667E-06
1.30144387E-01  2.60142141E-05  4.55890336E-06
1.30664785E-01  2.23755843E-05  4.47535458E-06
1.31185180E-01  1.38150469E-05  4.34251567E-06
1.31705574E-01  2.21890271E-05  4.41917265E-06
1.32225965E-01  1.88829838E-05  4.57836140E-06
1.32746354E-01  1.85266121E-05  4.59792741E-06
1.33266741E-01  2.17080573E-05  4.81150518E-06
1.33787125E-01  1.37555073E-05  4.51787492E-06
1.34307508E-01  2.62930911E-05  4.70776899E-06
1.34827888E-01  1.39111397E-05  4.56647169E-06
1.35348266E-01  1.40944924E-05  4.38893430E-06
1.35868642E-01  2.73143174E-05  4.52286556E-06
1.36389015E-01  1.62407842E-05  4.22428263E-06
1.36909387E-01  2.55315160E-05  4.28093582E-06
1.37429756E-01  3.13624776E-05  4.27413032E-06
1.37950122E-01  1.63659513E-05  4.11201055E-06
1.38470487E-01  2.17542865E-05  4.19809730E-06
1.38990849E-01  2.10774478E-05  4.05958037E-06
1.39511209E-01  2.35938541E-05  4.06088969E-06
1.40031566E-01  1.92227803E-05  4.00027687E-06
1.40551922E-01  2.26187340E-05  3.99997340E-06
1.41072275E-01  1.50454329E-05  3.80499975E-06
1.41592625E-01  1.49374921E-05  3.93643450E-06
1.42112974E-01  1.11214983E-05  3.84847938E-06
1.42633320E-01  1.09311019E-05  3.78695789E-06
1.43153663E-01  1.90962674E-05  3.94557811E-06
1.43674005E-01  1.51874855E-05  3.80040584E-06
1.44194343E-01  1.18553956E-05  3.85912956E-06
1.44714680E-01  2.27652275E-05  3.92920693E-06
1.45235014E-01  3.00012007E-05  3.93734166E-06
1.45755346E-01  6.53560032E-06  3.73651071E-06
1.46275675E-01  1.00282689E-05  3.74008504E-06
1.46796002E-01  2.03955310E-05  3.94089854E-06
1.47316327E-01  1.68344947E-05  3.90842277E-06
1.47836649E-01  1.51250758E-05  3.74346775E-06
1.48356968E-01  1.10705803E-05  3.70546137E-06
1.48877286E-01  1.14326033E-05  3.67437558E-06
1.49397600E-01  1.53146516E-05  3.80220255E-06
1.49917913E-01  1.69436651E-05  3.72693905E-06
1.50438223E-01  1.46153977E-05  3.77428473E-06
1.50958530E-01  1.01295158E-05  3.70466677E-06
1.51478835E-01  1.33840497E-05  3.75367870E-06
1.51999137E-01  1.34636921E-05  3.77980049E-06
1.52519437E-01  1.49909753E-05  3.64107120E-06
1.53039734E-01  1.10306050E-05  3.75257099E-06
1.53560029E-01  1.89512623E-05  3.78073188E-06
1.54080321E-01  1.41788259E-05  3.73328870E-06
1.54600611E-01  1.38031208E-05  3.68973940E-06
1.55120898E-01  1.57206263E-05  3.70738722E-06
1.55641183E-01  9.46985931E-06  3.65958450E-06
1.56161465E-01  9.27575708E-06  3.67847273E-06
1.56681745E-01  1.67750358E-05  3.68898404E-06
1.57202022E-01  1.77977697E-05  3.71369423E-06
1.57722296E-01  8.89190974E-06  3.56910339E-06
1.58242568E-01  2.98095853E-06  3.67815723E-06
1.58762837E-01  1.73604941E-05  3.66130026E-06
1.59283103E-01  1.48281618E-05  3.69837674E-06
1.59803367E-01  1.17614654E-05  3.69970691E-06
1.60323629E-01  1.05837086E-05  3.62013622E-06
1.60843887E-01  1.95178033E-05  3.72320582E-06
1.61364143E-01  1.07665912E-05  3.56584532E-06
1.61884397E-01  1.07610860E-05  3.62508464E-06
1.62404647E-01  1.39788034E-05  3.48253580E-06
1.62924895E-01  7.49185934E-06  3.53363480E-06
1.63445140E-01  1.47292451E-05  3.65513331E-06
1.63965383E-01  1.37691679E-05  3.54704677E-06
1.64485623E-01  7.91351221E-06  3.58255905E-06
1.65005860E-01  1.44167350E-05  3.60910209E-06
1.65526095E-01  9.54412203E-06  3.46665598E-06
1.66046326E-01  1.49764933E-05  3.68772870E-06
1.66566555E-01  6.74455706E-06  3.53144433E-06
1.67086782E-01  1.86889077E-05  3.61492420E-06
1.67607005E-01  1.40571857E-05  3.51161373E-06
1.68127226E-01  9.23113278E-06  3.55561472E-06
1.68647444E-01  1.45959075E-05  3.58839003E-06
1.69167659E-01  1.68463690E-05  3.64103896E-06
1.69687872E-01  1.21164593E-05  3.56911665E-06
1.70208081E-01  9.70472202E-06  3.40040767E-06
1.70728288E-01  1.33454925E-05  3.59593605E-06
1.71248492E-01  8.25440761E-06  3.41928069E-06
1.71768693E-01  1.27490767E-05  3.62013367E-06
1.72288892E-01  1.53118295E-05  3.57242820E-06
1.72809087E-01  1.61492622E-05  3.54958181E-06
1.73329280E-01  1.13649062E-05  3.40172761E-06
1.73849470E-01  1.77620761E-05  3.62032126E-06
1.74369657E-01  1.35125896E-05  3.58727387E-06
1.74889841E-01  1.60000860E-05  3.63488057E-06
1.75410022E-01  1.11271097E-05  3.52911554E-06
1.75930200E-01  1.15716944E-05  3.48393241E-06
1.76450376E-01  1.43694494E-05  3.60305470E-06
1.76970548E-01  1.87581534E-05  3.44531689E-06
1.77490718E-01  6.46088114E-06  3.49285068E-06
1.78010884E-01  5.87133344E-06  3.44727566E-06
1.78531048E-01  6.73996949E-06  3.45627240E-06
1.79051209E-01  1.19013466E-05  3.47715702E-06
1.79571367E-01  5.58578709E-06  3.40626113E-06
1.80091522E-01  5.74372288E-06  3.50175126E-06
1.80611674E-01  5.90830461E-06  3.38142845E-06
1.81131823E-01  8.77446271E-06  3.38606542E-06
1.81651969E-01  8.76260061E-06  3.43580505E-06
1.82172112E-01  8.14214740E-06  3.31225593E-06
1.82692252E-01  8.57804939E-06  3.35065733E-06
1.83212389E-01  7.87617481E-06  3.42664331E-06
1.83732523E-01  1.12915039E-05  3.37330620E-06
1.84252654E-01  1.12778905E-05  3.42056680E-06
1.84772781E-01  1.19248563E-05  3.51412469E-06
1.85292906E-01  8.21540841E-06  3.37825108E-06
1.85813028E-01  8.38574071E-06  3.29871095E-06
1.86333147E-01  1.32294687E-05  3.39478242E-06
1.86853263E-01  1.26930744E-05  3.38984300E-06
1.87373375E-01  9.38479036E-06  3.34940026E-06
1.87893485E-01  6.35568188E-06  3.33196658E-06
1.88413591E-01  2.74501311E-06  3.31850644E-06
1.88933694E-01  1.44651570E-05  3.39805233E-06
1.89453795E-01  6.27624477E-06  3.23902449E-06
1.89973892E-01  1.23417630E-05  3.32019941E-06
1.90493986E-01  1.26884146E-05  3.42451757E-06
1.91014077E-01  9.10736247E-06  3.38775909E-06
1.91534164E-01  5.19986311E-06  3.26304588E-06
1.92054249E-01  1.42836720E-05  3.33429708E-06
1.92574330E-01  7.16577153E-06  3.21091679E-06
1.93094408E-01  1.27543583E-05  3.36227121E-06
1.93614483E-01  8.29645954E-06  3.29201958E-06
1.94134555E-01  1.47346495E-05  3.36509746E-06
1.94654624E-01  1.12539131E-05  3.29923259E-06
1.95174689E-01  1.24451015E-05  3.27763291E-06
1.95694752E-01  1.01949288E-05  3.28791156E-06
1.96214811E-01  4.14066924E-06  3.23656724E-06
1.96734866E-01  3.72979994E-06  3.32708152E-06
1.97254919E-01  3.95910558E-06  3.22758454E-06
1.97774968E-01  1.11396769E-05  3.32898166E-06
1.98295014E-01  4.51369375E-06  3.20160791E-06
1.98815057E-01  7.40276487E-06  3.24434085E-06
1.99335096E-01  1.12574900E-05  3.30814419E-06
1.99855133E-01  6.76987907E-06  3.20104006E-06
2.00375166E-01  4.17607581E-06  3.19985965E-06
2.00895195E-01  1.20678882E-05  3.33736305E-06
2.01415221E-01  5.95576489E-06  3.26386649E-06
2.01935244E-01  1.00034227E-05  3.34030448E-06
2.02455264E-01  8.61688486E-06  3.27404453E-06
2.02975280E-01  4.33346203E-06  3.19822383E-06
2.03495293E-01  1.07544323E-05  3.31539813E-06
2.04015303E-01  3.07012107E-06  3.24447624E-06
2.04535309E-01  1.47559586E-05  3.37062509E-06
2.05055312E-01  6.72755931E-06  3.25408813E-06
2.05575312E-01  8.68679897E-06  3.27653083E-06
2.06095308E-01  7.41250663E-06  3.33152203E-06
2.06615301E-01  1.59493619E-05  3.42105269E-06
2.07135290E-01  7.17698828E-06  3.41022007E-06
2.07655276E-01  7.52558049E-06  3.32020242E-06
2.08175259E-01  8.87304315E-06  3.45551997E-06
2.08695238E-01  1.38959989E-05  3.44591697E-06
2.09215213E-01  1.02929939E-05  3.39618519E-06
2.09735186E-01  7.66684615E-06  3.35333866E-06
2.10255155E-01  1.39626790E-05  3.35635124E-06
2.10775120E-01  7.00683509E-06  3.34746007E-06
2.11295082E-01  1.54421218E-05  3.46551568E-06
2.11815040E-01  9.31682659E-06  3.27980844E-06
2.12334995E-01  5.07362581E-06  3.29348674E-06
2.12854946E-01  3.87250611E-06  3.24744788E-06
2.13374894E-01  4.87146714E-06  3.31095390E-06
2.13894839E-01  1.10755595E-05  3.34501353E-06
2.14414780E-01  8.79406946E-06  3.27748889E-06
2.14934717E-01  1.37719099E-05  3.31257907E-06
2.15454651E-01  1.01672005E-06  3.24121356E-06
2.15974581E-01  1.16984654E-05  3.35027024E-06
2.16494508E-01  2.70885743E-06  3.23121225E-06
2.17014431E-01  7.98725793E-06  3.17194620E-06
2.17534350E-01  1.08403624E-05  3.19014418E-06
2.18054266E-01  6.57255096E-06  3.27874354E-06
2.18574179E-01  5.79483641E-06  3.22729234E-06
2.19094087E-01  6.89935251E-06  3.19973132E-06
2.19613993E-01  7.91106029E-06  3.24081993E-06
2.20133894E-01  9.68027750E-07  3.12742123E-06
2.20653792E-01  -7.40720330E-07  3.09777118E-06
2.21173687E-01  2.08544547E-06  3.07706445E-06
2.21693577E-01  5.10012263E-06  3.19402645E-06
2.22213464E-01  2.38651057E-06  3.12286357E-06
2.22733348E-01  5.67885740E-06  3.17209846E-06
2.23253227E-01  6.56990255E-06  3.16465373E-06
2.23773103E-01  7.27010078E-06  3.15442321E-06
2.24292976E-01  6.17012209E-06  3.12145777E-06
2.24812844E-01  6.97349587E-06  3.09383371E-06
2.25332709E-01  8.85912840E-06  3.04353204E-06
2.25852571E-01  5.00266875E-06  3.08045595E-06
2.26372428E-01  4.90614404E-06  3.04486422E-06
2.26892282E-01  1.68513860E-07  3.07081032E-06
2.27412132E-01  6.19144240E-06  3.07448458E-06
2.27931979E-01  1.08976664E-05  3.15145276E-06
2.28451821E-01  8.98092517E-06  3.13707731E-06
2.28971660E-01  8.12056905E-06  3.06284261E-06
2.29491495E-01  7.36618442E-06  3.13175939E-06
2.30011326E-01  8.01542107E-06  3.04600931E-06
2.30531154E-01  5.91967688E-06  3.10129719E-06
2.31050978E-01  2.37553257E-06  2.97749026E-06
2.31570798E-01  1.01276977E-05  3.18643133E-06
2.32090614E-01  1.47891830E-07  3.01601602E-06
2.32610426E-01  4.68573448E-06  2.99209379E-06
2.33130234E-01  5.11340645E-06  3.08444287E-06
2.33650039E-01  -2.87239720E-07  3.00359154E-06
2.34169840E-01  6.86229109E-06  3.09437762E-06
2.34689637E-01  5.99944297E-06  3.02607977E-06
2.35209430E-01  1.96183170E-06  3.00079797E-06
2.35729219E-01  9.07781370E-06  3.12456010E-06
2.36249004E-01  1.25326490E-05  3.19201275E-06
2.36768786E-01  1.37721727E-05  3.34966563E-06
2.37288563E-01  1.07766060E-07  3.16179590E-06
2.37808337E-01  1.01490844E-05  3.24482912E-06
2.38328107E-01  1.08503083E-05  3.46473282E-06
2.38847873E-01  8.78043295E-06  3.35299729E-06
2.39367635E-01  8.17430524E-06  3.48586553E-06
2.39887392E-01  5.61525822E-06  3.35141687E-06
2.40407146E-01  1.09589375E-05  3.43262835E-06
2.40926897E-01  3.63946545E-06  3.31175546E-06
2.41446643E-01  4.32100759E-06  3.35372465E-06
2.41966385E-01  3.20022939E-06  3.42762910E-06
2.42486123E-01  3.61754907E-06  3.35092294E-06
2.43005857E-01  3.29860691E-06  3.42585890E-06
2.43525587E-01  1.92361399E-06  3.38585836E-06
2.44045313E-01  -7.32360940E-07  3.28135525E-06
2.44565035E-01  -3.55591908E-06  3.22631796E-06
2.45084754E-01  6.50330243E-06  3.47788212E-06
2.45604468E-01  6.60399700E-08  3.23778489E-06
2.46124178E-01  3.84616672E-06  3.23619939E-06
2.46643884E-01  5.47064670E-06  3.20295158E-06
2.47163586E-01  1.16818418E-05  3.28080435E-06
2.47683283E-01  5.11585966E-06  3.14486900E-06
2.48202977E-01  3.89040964E-06  3.12312115E-06
2.48722667E-01  5.75800446E-06  3.13824522E-06
2.49242353E-01  1.08211173E-06  3.11941265E-06
2.49762034E-01  6.67438836E-06  3.13535633E-06
2.50281712E-01  1.19954958E-06  2.98368454E-06
2.50801385E-01  6.39547087E-06  3.06212445E-06
2.51321054E-01  1.27057257E-06  2.97674855E-06
2.51840719E-01  1.52623427E-06  3.05610797E-06
2.52360380E-01  1.26525658E-06  3.01440922E-06
2.52880037E-01  5.40142126E-06  3.03243289E-06
2.53399689E-01  1.08331477E-05  3.04806732E-06
2.53919338E-01  8.90032512E-06  3.03833056E-06
2.54438982E-01  2.62625015E-06  3.06181235E-06
2.54958622E-01  8.62686031E-06  3.07173392E-06
2.55478258E-01  7.13713733E-06  3.08992718E-06
2.55997890E-01  -5.98736140E-07  2.95497665E-06
2.56517517E-01  4.25415464E-06  2.92730532E-06
2.57037140E-01  5.02302640E-06  2.94427870E-06
2.57556759E-01  1.87671921E-06  3.01999807E-06
2.58076374E-01  5.30782321E-06  3.00021312E-06
2.58595985E-01  5.58671981E-06  3.07396159E-06
2.59115591E-01  -9.37445270E-07  2.92429137E-06
2.59635193E-01  4.17273197E-06  2.97792212E-06
2.60154791E-01  6.04160785E-06  2.94337719E-06
2.60674384E-01  7.90576487E-06  3.01340735E-06
2.61193974E-01  5.60092424E-06  2.94797140E-06
2.61713559E-01  5.38585154E-06  3.03095765E-06
2.62233139E-01  2.71684171E-06  2.90398400E-06
2.62752716E-01  5.39926667E-06  2.95709526E-06
2.63272287E-01  8.87987204E-06  3.01240753E-06
2.63791855E-01  -1.06039798E-06  2.90769658E-06
2.64311418E-01  8.40112559E-06  3.00700923E-06
2.64830977E-01  4.02008628E-06  2.89590532E-06
2.65350532E-01  4.89002206E-06  2.89535385E-06
2.65870082E-01  4.43346732E-06  2.94484583E-06
2.66389628E-01  1.06914349E-05  2.98703963E-06
2.66909170E-01  1.26316906E-06  2.89795284E-06
2.67428707E-01  3.15069514E-06  2.91749005E-06
2.67948240E-01  7.30314100E-07  2.88775826E-06
2.68467768E-01  7.63321164E-06  2.98408949E-06
2.68987292E-01  6.25564272E-06  2.90141401E-06
2.69506811E-01  1.24839430E-06  2.87304768E-06
2.70026326E-01  3.87035985E-06  2.83702751E-06
2.70545837E-01  3.75338067E-06  2.89076573E-06
2.71065343E-01  1.72711736E-06  2.91363337E-06
2.71584845E-01  -2.75316180E-07  2.81269637E-06
2.72104342E-01  5.62057492E-06  2.92724072E-06
2.72623835E-01  4.29241818E-06  2.89424933E-06
2.73143323E-01  8.28995750E-07  2.90503462E-06
2.73662807E-01  6.72933355E-06  2.95691643E-06
2.74182286E-01  1.90490318E-06  2.89851173E-06
2.74701761E-01  4.25460340E-06  2.92199060E-06
2.75221232E-01  6.91131872E-06  2.90735756E-06
2.75740697E-01  1.13079945E-05  2.96631502E-06
2.76260159E-01  5.57984472E-06  2.90483023E-06
2.76779615E-01  1.84945456E-06  2.79466796E-06
2.77299067E-01  3.90282261E-06  2.93664160E-06
2.77818515E-01  -1.07832083E-06  2.78530893E-06
2.78337958E-01  3.78827813E-06  2.86374298E-06
2.78857396E-01  1.64398925E-06  2.87192055E-06
2.79376830E-01  -1.01798287E-06  2.86516009E-06
2.79896260E-01  3.70987950E-06  2.85357611E-06
2.80415684E-01  6.60245924E-06  2.81543822E-06
2.80935104E-01  8.84935024E-06  2.89995137E-06
2.81454520E-01  7.15264423E-06  2.84160273E-06
2.81973931E-01  3.21079284E-06  2.80775744E-06
2.82493337E-01  2.93981294E-06  2.83767234E-06
2.83012739E-01  1.54939796E-06  2.82993966E-06
2.83532135E-01  4.90897150E-06  2.82480986E-06
2.84051528E-01  8.11709170E-07  2.76635611E-06
2.84570915E-01  3.42567365E-06  2.81808563E-06
2.85090298E-01  4.28370456E-06  2.84103959E-06
2.85609676E-01  4.57896091E-06  2.83401297E-06
2.86129050E-01  3.46741368E-06  2.84225253E-06
2.86648419E-01  1.39916688E-06  2.78603767E-06
2.87167783E-01  5.66729524E-06  2.84601805E-06
2.87687142E-01  6.25193727E-06  2.85733781E-06
2.88206497E-01  2.66586667E-06  2.91067969E-06
2.88725847E-01  -3.13869030E-07  2.79097109E-06
2.89245192E-01  5.05954408E-06  2.80063985E-06
2.89764533E-01  2.87025833E-06  2.74558097E-06
2.90283868E-01  3.65316192E-06  2.77718452E-06
2.90803199E-01  7.43801851E-06  2.81300048E-06
2.91322525E-01  3.37617115E-06  2.82847928E-06
2.91841847E-01  4.56833264E-06  2.76393525E-06
2.92361163E-01  4.59166231E-06  2.83636741E-06
2.92880475E-01  2.16661566E-06  2.77069391E-06
2.93399782E-01  2.40479154E-06  2.87028804E-06
2.93919084E-01  2.94450987E-06  2.76094353E-06
2.94438382E-01  6.01197746E-06  2.78934170E-06
2.94957674E-01  5.54556088E-06  2.80892563E-06
2.95476962E-01  6.27113302E-06  2.76158216E-06
2.95996244E-01  3.73438377E-06  2.78361348E-06
2.96515522E-01  2.47288142E-06  2.80514136E-06
2.97034795E-01  8.14759369E-06  2.79943400E-06
2.97554064E-01  6.63839046E-06  2.85497057E-06
2.98073327E-01  7.47316827E-06  2.82687552E-06
2.98592585E-01  2.17364827E-06  2.68262151E-06
2.99111839E-01  5.58837202E-06  2.69752498E-06
2.99631087E-01  5.89438929E-06  2.76687474E-06


### HEADER:
#
#{
#    "analysis": {}, 
#    "calibration_params": {
#        "Beam_Center_X": 887.855024985, 
#        "Beam_Center_Y": 879.419491507, 
#        "Detector_Pixel_Size": 0.172, 
#        "Radial_Average_Method": "RAW", 
#        "Sample-to-detector distance (mm)": 2008.92254621, 
#        "Wavelength (A)": 1.03320164497
#    }, 
#    "config_file": null, 
#    "counters": {
#        "D_hutch_shutter_open": "True", 
#        "Date": "2019-12-12 17:22:14.798463", 
#        "Exposure time/frame (s)": "0.095", 
#        "Exposure_period/frame_s": "0.1", 
#        "File_prefix": "em05_011", 
#        "Front_end_shutter_open": "True", 
#        "I0_gain": "1e+05", 
#        "I1_gain": "1e+07", 
#        "I2_gain": "1e+04", 
#        "I3_gain": "1e+07", 
#        "Instrument": "BioCAT (Sector 18, APS)", 
#        "Number_of_frames": "23", 
#        "Number_of_scans": "45.0", 
#        "Return_acceleration_mm/s^2": "10.0", 
#        "Return_speed_mm/s": "10.0", 
#        "Return_time_s": "0.176635217327", 
#        "Save_directory": "/nas_data/2019_Run3/20191205Hopkins/martin_laminar/em05", 
#        "Scan_acceleration_mm/s^2": "10.0", 
#        "Scan_end_offset_mm": "0.004", 
#        "Scan_speed_mm/s": "0.03", 
#        "Scan_start_offset_mm": "0.004", 
#        "Scan_type": "Grid", 
#        "Step_acceleration_mm/s^2": "10.0", 
#        "Step_axis": "X", 
#        "Step_speed_mm/s": "10.0", 
#        "Time_per_scan_s": "2.603", 
#        "Total_time_s": "2722.74942326", 
#        "Vector_scan_length_mm": "0.07", 
#        "Wait_for_trigger": "False", 
#        "X_scan_end_mm": "-60.186", 
#        "X_scan_start_mm": "-75.186", 
#        "X_scan_step_mm": "1.0", 
#        "Y_scan_end_mm": "-1.8651", 
#        "Y_scan_start_mm": "-1.9351", 
#        "x": "-61.186"
#    }, 
#    "filename": "em05_011_s015_avg.dat", 
#    "history": {
#        "averaged_files": [
#            [
#                "em05_011_s015_0007_0011.dat", 
#                {
#                    "subtraction": {
#                        "initial_file": [
#                            "em05_011_s015_0007_0011.dat", 
#                            {
#                                "averaged_files": [
#                                    [
#                                        "em05_011_s015_0007_0011.dat"
#                                    ]
#                                ]
#                            }
#                        ], 
#                        "subtracted_file": [
#                            "em05_011_s015_avg_0011.dat", 
#                            {
#                                "averaged_files": [
#                                    [
#                                        "em05_011_s015_0001_0011.dat"
#                                    ], 
#                                    [
#                                        "em05_011_s015_0002_0011.dat"
#                                    ], 
#                                    [
#                                        "em05_011_s015_0003_0011.dat"
#                                    ], 
#                                    [
#                                        "em05_011_s015_0013_0011.dat"
#                                    ], 
#                                    [
#                                        "em05_011_s015_0014_0011.dat"
#                                    ], 
#                                    [
#                                        "em05_011_s015_0015_0011.dat"
#                                    ], 
#                                    [
#                                        "em05_011_s015_0016_0011.dat"
#                                    ], 
#                                    [
#                                        "em05_011_s015_0017_0011.dat"
#                                    ], 
#                                    [
#                                        "em05_011_s015_0018_0011.dat"
#                                    ]
#                                ]
#                            }
#                        ]
#                    }
#                }
#            ], 
#            [
#                "em05_011_s015_0006_0012.dat", 
#                {
#                    "subtraction": {
#                        "initial_file": [
#                            "em05_011_s015_0006_0012.dat", 
#                            {
#                                "averaged_files": [
#                                    [
#                                        "em05_011_s015_0006_0012.dat"
#                                    ], 
#                                    [
#                                        "em05_011_s015_0007_0012.dat"
#                                    ], 
#                                    [
#                                        "em05_011_s015_0008_0012.dat"
#                                    ], 
#                                    [
#                                        "em05_011_s015_0009_0012.dat"
#                                    ]
#                                ]
#                            }
#                        ], 
#                        "subtracted_file": [
#                            "em05_011_s015_avg_0012.dat", 
#                            {
#                                "averaged_files": [
#                                    [
#                                        "em05_011_s015_0001_0012.dat"
#                                    ], 
#                                    [
#                                        "em05_011_s015_0002_0012.dat"
#                                    ], 
#                                    [
#                                        "em05_011_s015_0003_0012.dat"
#                                    ], 
#                                    [
#                                        "em05_011_s015_0013_0012.dat"
#                                    ], 
#                                    [
#                                        "em05_011_s015_0014_0012.dat"
#                                    ], 
#                                    [
#                                        "em05_011_s015_0015_0012.dat"
#                                    ], 
#                                    [
#                                        "em05_011_s015_0016_0012.dat"
#                                    ], 
#                                    [
#                                        "em05_011_s015_0017_0012.dat"
#                                    ], 
#                                    [
#                                        "em05_011_s015_0018_0012.dat"
#                                    ]
#                                ]
#                            }
#                        ]
#                    }
#                }
#            ], 
#            [
#                "em05_011_s015_0005_0013.dat", 
#                {
#                    "subtraction": {
#                        "initial_file": [
#                            "em05_011_s015_0005_0013.dat", 
#                            {
#                                "averaged_files": [
#                                    [
#                                        "em05_011_s015_0005_0013.dat"
#                                    ], 
#                                    [
#                                        "em05_011_s015_0006_0013.dat"
#                                    ], 
#                                    [
#                                        "em05_011_s015_0007_0013.dat"
#                                    ], 
#                                    [
#                                        "em05_011_s015_0008_0013.dat"
#                                    ], 
#                                    [
#                                        "em05_011_s015_0009_0013.dat"
#                                    ]
#                                ]
#                            }
#                        ], 
#                        "subtracted_file": [
#                            "em05_011_s015_avg_0013.dat", 
#                            {
#                                "averaged_files": [
#                                    [
#                                        "em05_011_s015_0001_0013.dat"
#                                    ], 
#                                    [
#                                        "em05_011_s015_0002_0013.dat"
#                                    ], 
#                                    [
#                                        "em05_011_s015_0003_0013.dat"
#                                    ], 
#                                    [
#                                        "em05_011_s015_0013_0013.dat"
#                                    ], 
#                                    [
#                                        "em05_011_s015_0014_0013.dat"
#                                    ], 
#                                    [
#                                        "em05_011_s015_0015_0013.dat"
#                                    ], 
#                                    [
#                                        "em05_011_s015_0016_0013.dat"
#                                    ], 
#                                    [
#                                        "em05_011_s015_0017_0013.dat"
#                                    ], 
#                                    [
#                                        "em05_011_s015_0018_0013.dat"
#                                    ]
#                                ]
#                            }
#                        ]
#                    }
#                }
#            ], 
#            [
#                "em05_011_s015_0005_0014.dat", 
#                {
#                    "subtraction": {
#                        "initial_file": [
#                            "em05_011_s015_0005_0014.dat", 
#                            {
#                                "averaged_files": [
#                                    [
#                                        "em05_011_s015_0005_0014.dat"
#                                    ], 
#                                    [
#                                        "em05_011_s015_0006_0014.dat"
#                                    ], 
#                                    [
#                                        "em05_011_s015_0008_0014.dat"
#                                    ], 
#                                    [
#                                        "em05_011_s015_0009_0014.dat"
#                                    ]
#                                ]
#                            }
#                        ], 
#                        "subtracted_file": [
#                            "em05_011_s015_avg_0014.dat", 
#                            {
#                                "averaged_files": [
#                                    [
#                                        "em05_011_s015_0001_0014.dat"
#                                    ], 
#                                    [
#                                        "em05_011_s015_0002_0014.dat"
#                                    ], 
#                                    [
#                                        "em05_011_s015_0003_0014.dat"
#                                    ], 
#                                    [
#                                        "em05_011_s015_0013_0014.dat"
#                                    ], 
#                                    [
#                                        "em05_011_s015_0014_0014.dat"
#                                    ], 
#                                    [
#                                        "em05_011_s015_0015_0014.dat"
#                                    ], 
#                                    [
#                                        "em05_011_s015_0016_0014.dat"
#                                    ], 
#                                    [
#                                        "em05_011_s015_0017_0014.dat"
#                                    ], 
#                                    [
#                                        "em05_011_s015_0018_0014.dat"
#                                    ]
#                                ]
#                            }
#                        ]
#                    }
#                }
#            ], 
#            [
#                "em05_011_s015_0005_0015.dat", 
#                {
#                    "subtraction": {
#                        "initial_file": [
#                            "em05_011_s015_0005_0015.dat", 
#                            {
#                                "averaged_files": [
#                                    [
#                                        "em05_011_s015_0005_0015.dat"
#                                    ]
#                                ]
#                            }
#                        ], 
#                        "subtracted_file": [
#                            "em05_011_s015_avg_0015.dat", 
#                            {
#                                "averaged_files": [
#                                    [
#                                        "em05_011_s015_0001_0015.dat"
#                                    ], 
#                                    [
#                                        "em05_011_s015_0002_0015.dat"
#                                    ], 
#                                    [
#                                        "em05_011_s015_0003_0015.dat"
#                                    ], 
#                                    [
#                                        "em05_011_s015_0013_0015.dat"
#                                    ], 
#                                    [
#                                        "em05_011_s015_0014_0015.dat"
#                                    ], 
#                                    [
#                                        "em05_011_s015_0015_0015.dat"
#                                    ], 
#                                    [
#                                        "em05_011_s015_0016_0015.dat"
#                                    ], 
#                                    [
#                                        "em05_011_s015_0017_0015.dat"
#                                    ], 
#                                    [
#                                        "em05_011_s015_0018_0015.dat"
#                                    ]
#                                ]
#                            }
#                        ]
#                    }
#                }
#            ]
#        ]
#    }, 
#    "imageHeader": {
#        "Count_cutoff": "921498 counts", 
#        "Excluded_pixels": "badpix_mask.tif", 
#        "Exposure_period": "0.1000000 s", 
#        "Exposure_time": "0.0950000 s", 
#        "Flat_field": "FF_p10-0130_E12000_T6000_vrf_m0p100.tif", 
#        "Gain_setting": "autog (vrf = 1.000)", 
#        "Image_path": "/ramdisk/martin_laminar/em05/", 
#        "N_excluded_pixels": "35", 
#        "Pixel_size": "172e-6 m x 172e-6 m", 
#        "Ratecorr_lut_directory": "ContinuousStandard_v1.1", 
#        "Retrigger_mode": "1", 
#        "Silicon": "sensor, thickness 0.000450 m", 
#        "Tau": "0 s", 
#        "Threshold_setting": "6000 eV", 
#        "Trim_file": "p10-0130_E12000_T6000.bin"
#    }, 
#    "metadata": {
#        "Detector": "Pilatus3 X 1M"
#    }, 
#    "normalizations": {
#        "Absolute_scale": {
#            "Absolute_scale_factor": 363.261674964, 
#            "Ignore_background": true, 
#            "Sample_thickness_[mm]": 1.0
#        }, 
#        "Counter_norms": [
#            [
#                "/", 
#                "I1"
#            ]
#        ], 
#        "Solid_Angle_Correction": "On"
#    }, 
#    "raw_version": "1.6.3", 
#    "scan_time": 75.54598244799996
#}

