### DATA:
#
# 559
#      Q             I(Q)           Error     
9.37199723E-03  2.67933110E-04  9.52082456E-05
9.89266274E-03  3.27344302E-04  8.47042526E-05
1.04133281E-02  2.46495078E-04  6.66102238E-05
1.09339933E-02  2.04744623E-04  6.22867190E-05
1.14546582E-02  2.81615438E-04  5.85660980E-05
1.19753230E-02  2.77719330E-04  4.98165555E-05
1.24959877E-02  2.17927651E-04  4.33681518E-05
1.30166521E-02  2.96031885E-04  3.92821521E-05
1.35373162E-02  2.86193145E-04  3.52609660E-05
1.40579802E-02  2.43061878E-04  3.11709740E-05
1.45786439E-02  2.59439017E-04  2.78026363E-05
1.50993074E-02  2.89130890E-04  2.69108067E-05
1.56199707E-02  2.62171584E-04  2.38774051E-05
1.61406336E-02  2.24481581E-04  2.32459198E-05
1.66612964E-02  2.60047115E-04  1.95357335E-05
1.71819588E-02  2.60867189E-04  1.96939644E-05
1.77026210E-02  2.62962489E-04  1.86386300E-05
1.82232828E-02  2.26945222E-04  1.66492552E-05
1.87439444E-02  2.10869431E-04  1.72029266E-05
1.92646056E-02  1.99990312E-04  1.59138882E-05
1.97852666E-02  2.42428053E-04  1.64465847E-05
2.03059272E-02  2.45533658E-04  1.50758138E-05
2.08265875E-02  2.21668896E-04  1.36403246E-05
2.13472474E-02  2.28487169E-04  1.47604490E-05
2.18679070E-02  2.21426490E-04  1.39605674E-05
2.23885662E-02  2.21776909E-04  1.33036366E-05
2.29092251E-02  2.22653724E-04  1.28224566E-05
2.34298835E-02  2.18450770E-04  1.34134585E-05
2.39505416E-02  2.33726959E-04  1.29100172E-05
2.44711993E-02  1.92405561E-04  1.20107629E-05
2.49918566E-02  2.10514137E-04  1.15970473E-05
2.55125135E-02  1.80869831E-04  1.12827887E-05
2.60331699E-02  2.03893323E-04  1.08088031E-05
2.65538260E-02  2.14249225E-04  1.08164008E-05
2.70744815E-02  2.02494014E-04  9.93536212E-06
2.75951367E-02  2.08123704E-04  1.02344275E-05
2.81157914E-02  2.07082632E-04  9.69286218E-06
2.86364456E-02  1.92677616E-04  9.58803324E-06
2.91570993E-02  2.17378803E-04  1.00773814E-05
2.96777526E-02  1.89102664E-04  9.23008838E-06
3.01984054E-02  1.94643672E-04  8.96036905E-06
3.07190577E-02  1.97131866E-04  9.07488229E-06
3.12397095E-02  1.79408792E-04  8.98421044E-06
3.17603607E-02  1.86273127E-04  8.19852838E-06
3.22810114E-02  1.88749167E-04  8.26516868E-06
3.28016617E-02  1.82391334E-04  8.07168751E-06
3.33223113E-02  1.67987446E-04  8.42481946E-06
3.38429604E-02  1.74355308E-04  8.27708874E-06
3.43636090E-02  1.77599767E-04  8.00777846E-06
3.48842570E-02  1.73002249E-04  7.97206344E-06
3.54049044E-02  1.60951200E-04  7.54993089E-06
3.59255512E-02  1.66747713E-04  7.97419140E-06
3.64461975E-02  1.68126973E-04  7.49491494E-06
3.69668431E-02  1.75723558E-04  7.49687054E-06
3.74874881E-02  1.63770552E-04  7.34690319E-06
3.80081325E-02  1.72281660E-04  6.99005498E-06
3.85287763E-02  1.61258708E-04  6.94258226E-06
3.90494195E-02  1.63048740E-04  7.08631188E-06
3.95700620E-02  1.68790923E-04  7.26318849E-06
4.00907038E-02  1.49033387E-04  6.43308117E-06
4.06113450E-02  1.62383202E-04  6.96544956E-06
4.11319855E-02  1.61165814E-04  6.95130973E-06
4.16526253E-02  1.57879881E-04  6.47488548E-06
4.21732645E-02  1.53511514E-04  6.25764955E-06
4.26939030E-02  1.48206176E-04  6.09004739E-06
4.32145407E-02  1.53620819E-04  6.17913728E-06
4.37351778E-02  1.57500685E-04  6.16410768E-06
4.42558141E-02  1.57281497E-04  6.04142866E-06
4.47764497E-02  1.39926916E-04  5.87945593E-06
4.52970845E-02  1.47457579E-04  5.91086748E-06
4.58177186E-02  1.36458969E-04  5.60118924E-06
4.63383520E-02  1.46278685E-04  5.59869997E-06
4.68589845E-02  1.39496667E-04  5.38403483E-06
4.73796164E-02  1.46645374E-04  5.72613552E-06
4.79002474E-02  1.37209692E-04  5.35687381E-06
4.84208776E-02  1.30734489E-04  5.34151959E-06
4.89415071E-02  1.30508001E-04  5.51823372E-06
4.94621357E-02  1.33401792E-04  5.27679699E-06
4.99827635E-02  1.27710333E-04  5.44890418E-06
5.05033905E-02  1.30893002E-04  5.44679843E-06
5.10240167E-02  1.22423109E-04  5.39093586E-06
5.15446420E-02  1.17016404E-04  5.30652629E-06
5.20652665E-02  1.30770304E-04  5.32330315E-06
5.25858901E-02  1.23294698E-04  5.38261671E-06
5.31065128E-02  1.21015226E-04  5.22462070E-06
5.36271347E-02  1.17958220E-04  5.13660859E-06
5.41477557E-02  1.17828081E-04  5.31876842E-06
5.46683758E-02  1.21357029E-04  5.04393345E-06
5.51889950E-02  1.14765520E-04  4.97783795E-06
5.57096132E-02  1.08096059E-04  5.01731213E-06
5.62302306E-02  1.06978698E-04  5.08446885E-06
5.67508470E-02  1.08475512E-04  5.02753435E-06
5.72714625E-02  1.11177632E-04  4.90536612E-06
5.77920771E-02  1.08830778E-04  4.97116430E-06
5.83126907E-02  1.02814788E-04  4.95993407E-06
5.88333033E-02  1.04161614E-04  4.81944342E-06
5.93539150E-02  1.03934858E-04  4.79379737E-06
5.98745257E-02  1.01771109E-04  4.84647269E-06
6.03951354E-02  1.03098801E-04  4.87871687E-06
6.09157441E-02  9.72104812E-05  4.70693438E-06
6.14363518E-02  9.66212184E-05  4.76051332E-06
6.19569585E-02  9.62142685E-05  4.56515045E-06
6.24775641E-02  9.99927947E-05  4.90403451E-06
6.29981688E-02  9.83970420E-05  4.55249813E-06
6.35187724E-02  8.98127034E-05  4.50731212E-06
6.40393749E-02  9.56794557E-05  4.65640186E-06
6.45599764E-02  9.73964348E-05  4.62836620E-06
6.50805768E-02  8.96320420E-05  4.53904281E-06
6.56011762E-02  8.62006868E-05  4.50448379E-06
6.61217745E-02  9.30732703E-05  4.62708787E-06
6.66423717E-02  9.35785399E-05  4.45909099E-06
6.71629677E-02  8.71332305E-05  4.33833735E-06
6.76835627E-02  7.37282644E-05  4.38702511E-06
6.82041566E-02  8.29057472E-05  4.44177129E-06
6.87247493E-02  8.21628872E-05  4.41746882E-06
6.92453409E-02  8.54286887E-05  4.38186581E-06
6.97659314E-02  8.20040962E-05  4.29071840E-06
7.02865207E-02  8.17621647E-05  4.40955087E-06
7.08071088E-02  7.76413043E-05  4.24322692E-06
7.13276958E-02  7.02803173E-05  4.23720278E-06
7.18482816E-02  7.39708307E-05  4.19928960E-06
7.23688663E-02  7.89911607E-05  4.29379316E-06
7.28894497E-02  7.48030968E-05  4.31869131E-06
7.34100319E-02  6.84810393E-05  4.15876788E-06
7.39306129E-02  7.21045833E-05  4.20502128E-06
7.44511927E-02  7.44094614E-05  4.11218908E-06
7.49717713E-02  7.08120375E-05  4.23009661E-06
7.54923486E-02  8.06854859E-05  4.21544375E-06
7.60129247E-02  6.57506832E-05  4.09277988E-06
7.65334996E-02  7.00065558E-05  4.07550904E-06
7.70540732E-02  7.17940756E-05  4.00990641E-06
7.75746455E-02  6.22003754E-05  4.10100756E-06
7.80952165E-02  6.45763382E-05  3.97387521E-06
7.86157862E-02  6.33651528E-05  3.98876040E-06
7.91363547E-02  6.17293416E-05  3.94677691E-06
7.96569218E-02  6.07789595E-05  3.98882679E-06
8.01774876E-02  5.87522320E-05  3.90253882E-06
8.06980521E-02  6.17206081E-05  4.01116972E-06
8.12186153E-02  5.45929479E-05  3.87736428E-06
8.17391771E-02  5.34375776E-05  3.87347398E-06
8.22597376E-02  5.85972620E-05  3.88337142E-06
8.27802967E-02  6.22296404E-05  3.92916067E-06
8.33008545E-02  5.62487947E-05  3.88174689E-06
8.38214109E-02  5.47723402E-05  3.83547213E-06
8.43419659E-02  5.42241331E-05  3.86916953E-06
8.48625195E-02  5.20551831E-05  3.82934660E-06
8.53830717E-02  5.26706423E-05  3.80409166E-06
8.59036225E-02  4.74733217E-05  3.78530670E-06
8.64241719E-02  5.42020463E-05  3.87191504E-06
8.69447199E-02  5.64626282E-05  3.86565823E-06
8.74652664E-02  5.38845976E-05  4.00928247E-06
8.79858115E-02  4.99384984E-05  3.95349874E-06
8.85063552E-02  5.38916888E-05  4.02297684E-06
8.90268974E-02  5.63294909E-05  4.14728969E-06
8.95474381E-02  4.87545089E-05  4.02395345E-06
9.00679773E-02  5.01665961E-05  4.11879153E-06
9.05885151E-02  4.95357084E-05  4.17695795E-06
9.11090513E-02  5.03808750E-05  4.20131251E-06
9.16295861E-02  5.12124096E-05  4.05784756E-06
9.21501193E-02  4.64480478E-05  4.05943655E-06
9.26706511E-02  4.93530331E-05  4.14751776E-06
9.31911813E-02  4.76930999E-05  4.00949553E-06
9.37117099E-02  5.05991772E-05  4.10814908E-06
9.42322370E-02  4.76062574E-05  4.05097381E-06
9.47527626E-02  4.49778163E-05  4.13220252E-06
9.52732866E-02  4.51523433E-05  4.15681553E-06
9.57938090E-02  3.70343142E-05  3.93656731E-06
9.63143299E-02  3.86665148E-05  4.06973045E-06
9.68348492E-02  4.41769868E-05  3.94872237E-06
9.73553668E-02  4.05614185E-05  3.99170215E-06
9.78758829E-02  4.01521531E-05  4.07447274E-06
9.83963973E-02  3.60788606E-05  3.90511639E-06
9.89169102E-02  3.49352168E-05  4.10966135E-06
9.94374214E-02  4.05357596E-05  4.05329149E-06
9.99579309E-02  3.39030209E-05  3.98205018E-06
1.00478439E-01  3.57336922E-05  3.96525775E-06
1.00998945E-01  2.94118438E-05  3.88615035E-06
1.01519450E-01  3.45655776E-05  4.03033940E-06
1.02039953E-01  3.96489282E-05  4.01963751E-06
1.02560454E-01  4.29137468E-05  4.08252091E-06
1.03080953E-01  4.13176504E-05  4.13770825E-06
1.03601451E-01  3.26399303E-05  3.92211628E-06
1.04121947E-01  3.63439179E-05  3.97523672E-06
1.04642442E-01  2.70063878E-05  3.78300620E-06
1.05162934E-01  3.92574625E-05  3.97435260E-06
1.05683425E-01  3.06233694E-05  3.99282329E-06
1.06203915E-01  2.69252056E-05  3.85229226E-06
1.06724402E-01  3.01892867E-05  3.99016592E-06
1.07244888E-01  3.27377679E-05  3.92853437E-06
1.07765372E-01  3.76413533E-05  3.98222592E-06
1.08285854E-01  3.36414161E-05  3.94034664E-06
1.08806334E-01  3.43210078E-05  3.95031295E-06
1.09326813E-01  3.83546941E-05  3.93258470E-06
1.09847290E-01  2.97708892E-05  3.84579044E-06
1.10367765E-01  3.73538858E-05  3.93313988E-06
1.10888238E-01  3.36776787E-05  3.89133498E-06
1.11408709E-01  2.93747317E-05  3.88466485E-06
1.11929179E-01  3.64323255E-05  3.86994651E-06
1.12449646E-01  2.81201934E-05  3.90276583E-06
1.12970112E-01  2.81042832E-05  3.78370782E-06
1.13490576E-01  3.28444493E-05  3.80536184E-06
1.14011038E-01  2.64472876E-05  3.78328060E-06
1.14531498E-01  2.72439033E-05  3.74286554E-06
1.15051956E-01  3.36201014E-05  3.97821555E-06
1.15572413E-01  2.79198112E-05  3.83114660E-06
1.16092867E-01  3.26155844E-05  3.85866353E-06
1.16613320E-01  2.66206667E-05  3.72079743E-06
1.17133771E-01  3.14630602E-05  3.80435687E-06
1.17654219E-01  3.11503400E-05  3.80322111E-06
1.18174666E-01  2.73699869E-05  3.81819993E-06
1.18695111E-01  2.31251107E-05  3.64568513E-06
1.19215554E-01  2.38258715E-05  3.72542227E-06
1.19735995E-01  2.85775913E-05  3.65174060E-06
1.20256434E-01  3.23155958E-05  3.96810950E-06
1.20776871E-01  2.65792743E-05  3.80855628E-06
1.21297306E-01  2.74848191E-05  3.78607474E-06
1.21817739E-01  2.80913040E-05  3.70846416E-06
1.22338170E-01  2.48180006E-05  3.62324023E-06
1.22858598E-01  2.50808392E-05  3.74755968E-06
1.23379025E-01  2.16219371E-05  3.69129782E-06
1.23899450E-01  2.57227215E-05  3.67152528E-06
1.24419873E-01  1.97691890E-05  3.69505391E-06
1.24940294E-01  1.50052198E-05  3.59052565E-06
1.25460713E-01  1.96505442E-05  3.72668408E-06
1.25981129E-01  2.09650068E-05  3.68786195E-06
1.26501544E-01  1.59407643E-05  3.85929751E-06
1.27021956E-01  2.13260907E-05  3.94572280E-06
1.27542367E-01  3.04146584E-05  3.92383969E-06
1.28062775E-01  2.52699497E-05  4.04059648E-06
1.28583181E-01  2.55651079E-05  4.01134928E-06
1.29103585E-01  2.38011138E-05  4.05033306E-06
1.29623987E-01  2.05529081E-05  4.07326635E-06
1.30144387E-01  2.62744839E-05  4.15683308E-06
1.30664785E-01  1.93033260E-05  4.09426679E-06
1.31185180E-01  2.10088158E-05  4.11827598E-06
1.31705574E-01  1.74407462E-05  4.16600112E-06
1.32225965E-01  1.72327383E-05  4.06519858E-06
1.32746354E-01  1.99957282E-05  4.15455359E-06
1.33266741E-01  1.55321099E-05  4.27026268E-06
1.33787125E-01  1.82996479E-05  4.27725220E-06
1.34307508E-01  2.46063473E-05  4.34774054E-06
1.34827888E-01  2.20027566E-05  4.11199451E-06
1.35348266E-01  1.57888014E-05  4.09425882E-06
1.35868642E-01  1.77490114E-05  4.03325278E-06
1.36389015E-01  2.47667966E-05  3.99816521E-06
1.36909387E-01  2.23818561E-05  3.93348764E-06
1.37429756E-01  1.99784972E-05  3.86545055E-06
1.37950122E-01  2.44708645E-05  3.94029972E-06
1.38470487E-01  2.38196345E-05  3.84212563E-06
1.38990849E-01  1.29684501E-05  3.75389548E-06
1.39511209E-01  1.92107648E-05  3.67824786E-06
1.40031566E-01  1.76070850E-05  3.70443794E-06
1.40551922E-01  2.17941314E-05  3.78169792E-06
1.41072275E-01  2.03042072E-05  3.65267788E-06
1.41592625E-01  1.59869751E-05  3.59763169E-06
1.42112974E-01  1.62936449E-05  3.61951237E-06
1.42633320E-01  1.58222152E-05  3.65557695E-06
1.43153663E-01  2.22671794E-05  3.66636033E-06
1.43674005E-01  1.52682427E-05  3.60872335E-06
1.44194343E-01  2.05634268E-05  3.70299679E-06
1.44714680E-01  8.87128160E-06  3.46487092E-06
1.45235014E-01  1.91268751E-05  3.55093129E-06
1.45755346E-01  1.81994830E-05  3.60697262E-06
1.46275675E-01  1.96167861E-05  3.56295205E-06
1.46796002E-01  1.65720577E-05  3.64642588E-06
1.47316327E-01  7.90696346E-06  3.46747279E-06
1.47836649E-01  1.76524774E-05  3.55719799E-06
1.48356968E-01  1.35436679E-05  3.47500426E-06
1.48877286E-01  1.73633146E-05  3.50870838E-06
1.49397600E-01  1.88571160E-05  3.54037646E-06
1.49917913E-01  1.20189662E-05  3.41047455E-06
1.50438223E-01  1.50078821E-05  3.48192206E-06
1.50958530E-01  1.41477713E-05  3.43685460E-06
1.51478835E-01  1.47795941E-05  3.43349167E-06
1.51999137E-01  1.47474092E-05  3.41374180E-06
1.52519437E-01  1.56832358E-05  3.44003698E-06
1.53039734E-01  2.02938644E-05  3.53470368E-06
1.53560029E-01  8.38854288E-06  3.44304147E-06
1.54080321E-01  1.61277255E-05  3.50433964E-06
1.54600611E-01  1.91668431E-05  3.43415879E-06
1.55120898E-01  1.53769951E-05  3.41599383E-06
1.55641183E-01  1.31804670E-05  3.47797126E-06
1.56161465E-01  1.61022570E-05  3.43317103E-06
1.56681745E-01  2.11097400E-05  3.48275828E-06
1.57202022E-01  1.48749806E-05  3.42869966E-06
1.57722296E-01  9.28131530E-06  3.33669278E-06
1.58242568E-01  1.31058338E-05  3.47185870E-06
1.58762837E-01  1.53812567E-05  3.39695516E-06
1.59283103E-01  1.72265504E-05  3.41613637E-06
1.59803367E-01  1.28156458E-05  3.31253077E-06
1.60323629E-01  1.19063344E-05  3.30596145E-06
1.60843887E-01  1.65549632E-05  3.36781654E-06
1.61364143E-01  2.21183061E-05  3.41449829E-06
1.61884397E-01  1.20758388E-05  3.39839801E-06
1.62404647E-01  1.86880399E-05  3.39146292E-06
1.62924895E-01  1.52099676E-05  3.38408739E-06
1.63445140E-01  1.33784260E-05  3.38253383E-06
1.63965383E-01  1.13022350E-05  3.34305563E-06
1.64485623E-01  1.31950250E-05  3.37195762E-06
1.65005860E-01  8.59346731E-06  3.26679236E-06
1.65526095E-01  1.44200566E-05  3.30435952E-06
1.66046326E-01  9.96159137E-06  3.27430226E-06
1.66566555E-01  1.64306868E-05  3.36288163E-06
1.67086782E-01  1.25399347E-05  3.27513109E-06
1.67607005E-01  1.06601430E-05  3.30681007E-06
1.68127226E-01  1.14389559E-05  3.29525608E-06
1.68647444E-01  9.97521199E-06  3.22061828E-06
1.69167659E-01  1.16539405E-05  3.25546786E-06
1.69687872E-01  1.54920988E-05  3.28331393E-06
1.70208081E-01  1.30907364E-05  3.24069673E-06
1.70728288E-01  1.09081767E-05  3.24917573E-06
1.71248492E-01  1.01779123E-05  3.25877482E-06
1.71768693E-01  1.15733814E-05  3.20773957E-06
1.72288892E-01  1.00366710E-05  3.14033187E-06
1.72809087E-01  1.58187893E-05  3.31856589E-06
1.73329280E-01  1.04957891E-05  3.21526633E-06
1.73849470E-01  8.88353371E-06  3.22189485E-06
1.74369657E-01  3.21787970E-06  3.21921857E-06
1.74889841E-01  1.06969436E-05  3.21357181E-06
1.75410022E-01  6.33722590E-06  3.12529286E-06
1.75930200E-01  1.02371804E-05  3.21922739E-06
1.76450376E-01  6.93013044E-06  3.20918318E-06
1.76970548E-01  8.34440119E-06  3.12632367E-06
1.77490718E-01  9.24705283E-06  3.24710039E-06
1.78010884E-01  1.93611666E-05  3.27350917E-06
1.78531048E-01  9.06766772E-06  3.23033619E-06
1.79051209E-01  1.06413170E-05  3.23434881E-06
1.79571367E-01  1.82439930E-05  3.27816241E-06
1.80091522E-01  1.03622783E-05  3.17177362E-06
1.80611674E-01  1.24204650E-05  3.23140019E-06
1.81131823E-01  1.23650698E-05  3.18670340E-06
1.81651969E-01  1.24160825E-05  3.20366219E-06
1.82172112E-01  1.01798090E-05  3.17905726E-06
1.82692252E-01  1.19748207E-05  3.27134559E-06
1.83212389E-01  1.14490171E-05  3.15112321E-06
1.83732523E-01  5.37633080E-06  3.17704208E-06
1.84252654E-01  1.05970559E-05  3.10513734E-06
1.84772781E-01  1.08817970E-05  3.19710207E-06
1.85292906E-01  7.32696886E-06  3.14199125E-06
1.85813028E-01  8.72198901E-06  3.14478315E-06
1.86333147E-01  1.16625624E-05  3.16562910E-06
1.86853263E-01  1.02976607E-05  3.10465471E-06
1.87373375E-01  2.58362911E-06  2.97281587E-06
1.87893485E-01  9.03831535E-06  3.14269544E-06
1.88413591E-01  1.02701256E-05  3.15069290E-06
1.88933694E-01  1.51692573E-05  3.20232043E-06
1.89453795E-01  6.90110464E-06  3.12004443E-06
1.89973892E-01  3.81734370E-06  2.98945882E-06
1.90493986E-01  7.91261081E-06  3.07995268E-06
1.91014077E-01  6.99482000E-06  3.08634388E-06
1.91534164E-01  5.29929238E-06  3.10463297E-06
1.92054249E-01  8.78980066E-06  3.10208439E-06
1.92574330E-01  6.81788082E-06  3.03785544E-06
1.93094408E-01  4.50929858E-06  3.04587617E-06
1.93614483E-01  1.30729617E-05  3.17072792E-06
1.94134555E-01  5.59530722E-06  3.05414182E-06
1.94654624E-01  6.10511257E-06  3.02330161E-06
1.95174689E-01  7.66416369E-06  3.10401728E-06
1.95694752E-01  1.01937575E-05  3.07164531E-06
1.96214811E-01  2.39706669E-06  3.00794116E-06
1.96734866E-01  4.46547525E-06  2.97522892E-06
1.97254919E-01  1.15859094E-05  3.07093395E-06
1.97774968E-01  1.14447792E-05  3.06688861E-06
1.98295014E-01  1.00052157E-05  3.10685663E-06
1.98815057E-01  5.22271643E-06  3.03721250E-06
1.99335096E-01  9.68166171E-06  3.06450790E-06
1.99855133E-01  7.92401453E-06  3.03492921E-06
2.00375166E-01  8.89935957E-06  3.04186250E-06
2.00895195E-01  7.71059970E-06  3.05095327E-06
2.01415221E-01  9.40374359E-06  3.06584625E-06
2.01935244E-01  9.05709861E-06  3.03836223E-06
2.02455264E-01  8.17971337E-06  3.02448600E-06
2.02975280E-01  1.19936950E-05  3.03791129E-06
2.03495293E-01  6.23418239E-06  2.97367483E-06
2.04015303E-01  8.65444496E-06  3.03317477E-06
2.04535309E-01  9.76726948E-06  3.10291913E-06
2.05055312E-01  8.31883254E-06  3.03003619E-06
2.05575312E-01  7.45806698E-06  3.04589001E-06
2.06095308E-01  5.81293629E-06  3.05608611E-06
2.06615301E-01  7.91253013E-06  3.06039530E-06
2.07135290E-01  9.55084921E-06  3.19865650E-06
2.07655276E-01  5.17732164E-06  3.16466790E-06
2.08175259E-01  9.74316068E-06  3.15649639E-06
2.08695238E-01  1.12022910E-05  3.18951595E-06
2.09215213E-01  1.37890981E-05  3.13404714E-06
2.09735186E-01  6.67342227E-06  3.09431453E-06
2.10255155E-01  4.34076976E-06  3.12932160E-06
2.10775120E-01  8.45386094E-06  3.10382551E-06
2.11295082E-01  6.89603269E-06  3.05336706E-06
2.11815040E-01  8.22349464E-06  2.99924866E-06
2.12334995E-01  8.56826001E-06  3.10346260E-06
2.12854946E-01  7.42839907E-06  3.04431276E-06
2.13374894E-01  8.25460213E-06  3.15459745E-06
2.13894839E-01  1.09136515E-05  3.06068825E-06
2.14414780E-01  1.11454812E-05  3.11446443E-06
2.14934717E-01  1.30090333E-05  3.12614076E-06
2.15454651E-01  7.59381539E-06  3.04107895E-06
2.15974581E-01  1.16850193E-05  2.99468802E-06
2.16494508E-01  8.48109199E-06  2.98257397E-06
2.17014431E-01  2.38520948E-06  2.98201095E-06
2.17534350E-01  7.44754763E-06  3.01867780E-06
2.18054266E-01  1.01800806E-05  3.06645472E-06
2.18574179E-01  1.58032223E-06  2.94781932E-06
2.19094087E-01  5.55967023E-06  2.98810139E-06
2.19613993E-01  7.54972664E-06  2.97025877E-06
2.20133894E-01  1.22485889E-05  3.02967905E-06
2.20653792E-01  1.18336527E-05  3.05112463E-06
2.21173687E-01  9.93647119E-06  3.01356699E-06
2.21693577E-01  8.00233759E-06  2.92459848E-06
2.22213464E-01  7.41466476E-06  2.99397167E-06
2.22733348E-01  9.31747805E-06  2.93892870E-06
2.23253227E-01  6.86856245E-06  2.96134974E-06
2.23773103E-01  1.01069104E-05  2.97627646E-06
2.24292976E-01  4.66619047E-06  2.85483910E-06
2.24812844E-01  4.42347260E-06  2.91079909E-06
2.25332709E-01  8.78085850E-06  2.94033948E-06
2.25852571E-01  4.73639149E-06  2.92557788E-06
2.26372428E-01  2.90948853E-06  2.92025999E-06
2.26892282E-01  7.53980887E-06  2.88368153E-06
2.27412132E-01  6.49386311E-06  2.87234820E-06
2.27931979E-01  5.63485599E-06  2.82927288E-06
2.28451821E-01  7.97233733E-06  2.96406561E-06
2.28971660E-01  6.85300817E-06  2.80332295E-06
2.29491495E-01  7.20065534E-06  2.91967294E-06
2.30011326E-01  5.44593564E-06  2.89224511E-06
2.30531154E-01  8.60954459E-06  2.92500407E-06
2.31050978E-01  3.90648338E-06  2.89265393E-06
2.31570798E-01  2.96308794E-06  2.85637819E-06
2.32090614E-01  4.38381716E-06  2.95392213E-06
2.32610426E-01  4.95075733E-06  2.81752453E-06
2.33130234E-01  1.03445551E-05  2.88186959E-06
2.33650039E-01  8.96329273E-06  2.83601998E-06
2.34169840E-01  8.54301074E-06  2.87869462E-06
2.34689637E-01  5.02612785E-06  2.85047202E-06
2.35209430E-01  6.73063055E-06  2.79665563E-06
2.35729219E-01  8.36278348E-06  2.90386195E-06
2.36249004E-01  2.65920953E-06  2.85056358E-06
2.36768786E-01  5.67685956E-06  3.00288711E-06
2.37288563E-01  3.72275560E-06  2.95610777E-06
2.37808337E-01  7.34184439E-06  2.96405165E-06
2.38328107E-01  4.81641903E-06  3.05020254E-06
2.38847873E-01  -8.74028117E-07  3.08621032E-06
2.39367635E-01  5.77295890E-06  3.09375677E-06
2.39887392E-01  5.04214298E-06  3.16540396E-06
2.40407146E-01  5.52677847E-06  3.18103369E-06
2.40926897E-01  9.46800142E-06  3.26147517E-06
2.41446643E-01  4.85234973E-06  3.08078297E-06
2.41966385E-01  1.16595919E-06  3.15041587E-06
2.42486123E-01  5.83870048E-06  3.18626089E-06
2.43005857E-01  1.26113329E-05  3.23648131E-06
2.43525587E-01  5.86372182E-06  3.20304780E-06
2.44045313E-01  1.15773887E-05  3.18864414E-06
2.44565035E-01  6.67894647E-07  3.04661822E-06
2.45084754E-01  3.17812460E-06  3.17734166E-06
2.45604468E-01  9.80217780E-06  3.08724427E-06
2.46124178E-01  9.41763994E-06  3.07295162E-06
2.46643884E-01  8.68977636E-06  3.01061304E-06
2.47163586E-01  4.08482909E-06  2.96511059E-06
2.47683283E-01  5.16622478E-06  3.01791473E-06
2.48202977E-01  6.08016068E-06  2.94714803E-06
2.48722667E-01  1.24716887E-05  2.93628285E-06
2.49242353E-01  2.61271454E-06  2.85939210E-06
2.49762034E-01  3.05398254E-06  2.86823016E-06
2.50281712E-01  4.17314525E-06  2.79602332E-06
2.50801385E-01  1.00795868E-05  2.87743091E-06
2.51321054E-01  5.55474623E-06  2.83795845E-06
2.51840719E-01  6.87323176E-06  2.84071013E-06
2.52360380E-01  3.20840855E-06  2.88269474E-06
2.52880037E-01  8.46460685E-06  2.90357033E-06
2.53399689E-01  5.00716715E-06  2.84480179E-06
2.53919338E-01  8.81842280E-07  2.77826169E-06
2.54438982E-01  8.73294862E-06  2.81574527E-06
2.54958622E-01  6.10554800E-06  2.77943606E-06
2.55478258E-01  8.17837117E-06  2.82489469E-06
2.55997890E-01  7.56685904E-06  2.85718525E-06
2.56517517E-01  3.81222494E-06  2.80628439E-06
2.57037140E-01  7.51912632E-06  2.80880902E-06
2.57556759E-01  1.64470819E-06  2.76191285E-06
2.58076374E-01  6.10044853E-06  2.88123864E-06
2.58595985E-01  3.87767865E-06  2.81179856E-06
2.59115591E-01  9.32225080E-07  2.77394972E-06
2.59635193E-01  8.35548589E-06  2.86634875E-06
2.60154791E-01  4.26257332E-06  2.75860393E-06
2.60674384E-01  8.18970622E-06  2.81226175E-06
2.61193974E-01  5.56883918E-06  2.74301629E-06
2.61713559E-01  1.03135547E-06  2.72894297E-06
2.62233139E-01  4.50269467E-06  2.68601002E-06
2.62752716E-01  6.73377916E-06  2.79862402E-06
2.63272287E-01  9.56338207E-06  2.81529257E-06
2.63791855E-01  2.47694550E-06  2.73169947E-06
2.64311418E-01  6.31945504E-06  2.77715694E-06
2.64830977E-01  7.16849936E-06  2.74233412E-06
2.65350532E-01  7.30037013E-06  2.73378797E-06
2.65870082E-01  5.63849130E-07  2.73987534E-06
2.66389628E-01  8.40552567E-08  2.69987440E-06
2.66909170E-01  3.18626623E-06  2.70604093E-06
2.67428707E-01  3.07847489E-06  2.73382539E-06
2.67948240E-01  3.90156691E-06  2.72849701E-06
2.68467768E-01  7.43484485E-06  2.80601167E-06
2.68987292E-01  1.04111581E-05  2.73355376E-06
2.69506811E-01  7.40012867E-06  2.79021022E-06
2.70026326E-01  2.29657134E-06  2.67641006E-06
2.70545837E-01  2.89419662E-06  2.68926539E-06
2.71065343E-01  3.90212939E-06  2.66917165E-06
2.71584845E-01  5.39486760E-06  2.73058606E-06
2.72104342E-01  2.48617942E-06  2.70120684E-06
2.72623835E-01  2.89390413E-06  2.70652516E-06
2.73143323E-01  2.61617007E-06  2.69136234E-06
2.73662807E-01  4.11811146E-06  2.70444528E-06
2.74182286E-01  2.52442697E-06  2.69072394E-06
2.74701761E-01  5.92659733E-06  2.72258241E-06
2.75221232E-01  2.15454769E-06  2.68696880E-06
2.75740697E-01  1.92259017E-07  2.67899615E-06
2.76260159E-01  6.17246517E-06  2.66127097E-06
2.76779615E-01  5.01723008E-06  2.65186931E-06
2.77299067E-01  5.70526033E-06  2.72694249E-06
2.77818515E-01  7.08812596E-06  2.69124991E-06
2.78337958E-01  7.04142383E-06  2.75010021E-06
2.78857396E-01  4.28462359E-06  2.67604612E-06
2.79376830E-01  5.28380759E-06  2.70407999E-06
2.79896260E-01  4.86538153E-06  2.68045048E-06
2.80415684E-01  5.64580405E-06  2.64873152E-06
2.80935104E-01  2.59437516E-06  2.68867496E-06
2.81454520E-01  6.17770106E-06  2.68069130E-06
2.81973931E-01  5.96738315E-06  2.63026175E-06
2.82493337E-01  2.14550605E-06  2.54648152E-06
2.83012739E-01  2.99044474E-06  2.57586952E-06
2.83532135E-01  1.55532937E-06  2.65708658E-06
2.84051528E-01  1.00453506E-05  2.66995080E-06
2.84570915E-01  2.87076197E-06  2.65570494E-06
2.85090298E-01  2.27507031E-06  2.60547950E-06
2.85609676E-01  7.93225671E-06  2.67319938E-06
2.86129050E-01  4.77415193E-06  2.64454534E-06
2.86648419E-01  3.30397671E-06  2.59144199E-06
2.87167783E-01  3.57189738E-06  2.59484983E-06
2.87687142E-01  2.65551090E-07  2.56643942E-06
2.88206497E-01  2.47320658E-06  2.58100254E-06
2.88725847E-01  8.58023669E-06  2.68615566E-06
2.89245192E-01  2.07417032E-06  2.58221284E-06
2.89764533E-01  5.01914910E-06  2.64159092E-06
2.90283868E-01  5.91352129E-06  2.64289659E-06
2.90803199E-01  -4.44877660E-07  2.54581901E-06
2.91322525E-01  5.07903943E-06  2.63472818E-06
2.91841847E-01  3.15579883E-06  2.61670697E-06
2.92361163E-01  8.96730712E-06  2.72928997E-06
2.92880475E-01  7.72735815E-06  2.70422782E-06
2.93399782E-01  2.69088677E-06  2.62642150E-06
2.93919084E-01  1.00189285E-05  2.66306958E-06
2.94438382E-01  4.61503659E-06  2.58567027E-06
2.94957674E-01  5.75833340E-07  2.56271604E-06
2.95476962E-01  5.61486569E-06  2.59579319E-06
2.95996244E-01  6.79317362E-06  2.61561892E-06
2.96515522E-01  4.90512843E-07  2.55206451E-06
2.97034795E-01  4.68652437E-07  2.55291756E-06
2.97554064E-01  7.65758043E-06  2.62222157E-06
2.98073327E-01  6.59415507E-06  2.58850473E-06
2.98592585E-01  4.45436791E-06  2.59781246E-06
2.99111839E-01  5.11645815E-06  2.58340130E-06
2.99631087E-01  6.52464207E-07  2.54805311E-06


### HEADER:
#
#{
#    "analysis": {}, 
#    "calibration_params": {
#        "Beam_Center_X": 887.855024985, 
#        "Beam_Center_Y": 879.419491507, 
#        "Detector_Pixel_Size": 0.172, 
#        "Radial_Average_Method": "RAW", 
#        "Sample-to-detector distance (mm)": 2008.92254621, 
#        "Wavelength (A)": 1.03320164497
#    }, 
#    "config_file": null, 
#    "counters": {
#        "D_hutch_shutter_open": "True", 
#        "Date": "2019-12-12 17:22:14.798463", 
#        "Exposure time/frame (s)": "0.095", 
#        "Exposure_period/frame_s": "0.1", 
#        "File_prefix": "em05_011", 
#        "Front_end_shutter_open": "True", 
#        "I0_gain": "1e+05", 
#        "I1_gain": "1e+07", 
#        "I2_gain": "1e+04", 
#        "I3_gain": "1e+07", 
#        "Instrument": "BioCAT (Sector 18, APS)", 
#        "Number_of_frames": "23", 
#        "Number_of_scans": "45.0", 
#        "Return_acceleration_mm/s^2": "10.0", 
#        "Return_speed_mm/s": "10.0", 
#        "Return_time_s": "0.176635217327", 
#        "Save_directory": "/nas_data/2019_Run3/20191205Hopkins/martin_laminar/em05", 
#        "Scan_acceleration_mm/s^2": "10.0", 
#        "Scan_end_offset_mm": "0.004", 
#        "Scan_speed_mm/s": "0.03", 
#        "Scan_start_offset_mm": "0.004", 
#        "Scan_type": "Grid", 
#        "Step_acceleration_mm/s^2": "10.0", 
#        "Step_axis": "X", 
#        "Step_speed_mm/s": "10.0", 
#        "Time_per_scan_s": "2.603", 
#        "Total_time_s": "2722.74942326", 
#        "Vector_scan_length_mm": "0.07", 
#        "Wait_for_trigger": "False", 
#        "X_scan_end_mm": "-60.186", 
#        "X_scan_start_mm": "-75.186", 
#        "X_scan_step_mm": "1.0", 
#        "Y_scan_end_mm": "-1.8651", 
#        "Y_scan_start_mm": "-1.9351", 
#        "x": "-70.186"
#    }, 
#    "filename": "em05_011_s006_avg.dat", 
#    "history": {
#        "averaged_files": [
#            [
#                "em05_011_s006_0007_0013.dat", 
#                {
#                    "subtraction": {
#                        "initial_file": [
#                            "em05_011_s006_0007_0013.dat", 
#                            {
#                                "averaged_files": [
#                                    [
#                                        "em05_011_s006_0007_0013.dat"
#                                    ]
#                                ]
#                            }
#                        ], 
#                        "subtracted_file": [
#                            "em05_011_s006_avg_0013.dat", 
#                            {
#                                "averaged_files": [
#                                    [
#                                        "em05_011_s006_0001_0013.dat"
#                                    ], 
#                                    [
#                                        "em05_011_s006_0002_0013.dat"
#                                    ], 
#                                    [
#                                        "em05_011_s006_0003_0013.dat"
#                                    ], 
#                                    [
#                                        "em05_011_s006_0013_0013.dat"
#                                    ], 
#                                    [
#                                        "em05_011_s006_0014_0013.dat"
#                                    ], 
#                                    [
#                                        "em05_011_s006_0015_0013.dat"
#                                    ], 
#                                    [
#                                        "em05_011_s006_0016_0013.dat"
#                                    ], 
#                                    [
#                                        "em05_011_s006_0017_0013.dat"
#                                    ], 
#                                    [
#                                        "em05_011_s006_0018_0013.dat"
#                                    ]
#                                ]
#                            }
#                        ]
#                    }
#                }
#            ], 
#            [
#                "em05_011_s006_0006_0014.dat", 
#                {
#                    "subtraction": {
#                        "initial_file": [
#                            "em05_011_s006_0006_0014.dat", 
#                            {
#                                "averaged_files": [
#                                    [
#                                        "em05_011_s006_0006_0014.dat"
#                                    ], 
#                                    [
#                                        "em05_011_s006_0007_0014.dat"
#                                    ], 
#                                    [
#                                        "em05_011_s006_0008_0014.dat"
#                                    ]
#                                ]
#                            }
#                        ], 
#                        "subtracted_file": [
#                            "em05_011_s006_avg_0014.dat", 
#                            {
#                                "averaged_files": [
#                                    [
#                                        "em05_011_s006_0001_0014.dat"
#                                    ], 
#                                    [
#                                        "em05_011_s006_0002_0014.dat"
#                                    ], 
#                                    [
#                                        "em05_011_s006_0003_0014.dat"
#                                    ], 
#                                    [
#                                        "em05_011_s006_0013_0014.dat"
#                                    ], 
#                                    [
#                                        "em05_011_s006_0014_0014.dat"
#                                    ], 
#                                    [
#                                        "em05_011_s006_0015_0014.dat"
#                                    ], 
#                                    [
#                                        "em05_011_s006_0016_0014.dat"
#                                    ], 
#                                    [
#                                        "em05_011_s006_0017_0014.dat"
#                                    ], 
#                                    [
#                                        "em05_011_s006_0018_0014.dat"
#                                    ]
#                                ]
#                            }
#                        ]
#                    }
#                }
#            ], 
#            [
#                "em05_011_s006_0005_0015.dat", 
#                {
#                    "subtraction": {
#                        "initial_file": [
#                            "em05_011_s006_0005_0015.dat", 
#                            {
#                                "averaged_files": [
#                                    [
#                                        "em05_011_s006_0005_0015.dat"
#                                    ], 
#                                    [
#                                        "em05_011_s006_0006_0015.dat"
#                                    ], 
#                                    [
#                                        "em05_011_s006_0007_0015.dat"
#                                    ], 
#                                    [
#                                        "em05_011_s006_0008_0015.dat"
#                                    ], 
#                                    [
#                                        "em05_011_s006_0009_0015.dat"
#                                    ]
#                                ]
#                            }
#                        ], 
#                        "subtracted_file": [
#                            "em05_011_s006_avg_0015.dat", 
#                            {
#                                "averaged_files": [
#                                    [
#                                        "em05_011_s006_0001_0015.dat"
#                                    ], 
#                                    [
#                                        "em05_011_s006_0002_0015.dat"
#                                    ], 
#                                    [
#                                        "em05_011_s006_0003_0015.dat"
#                                    ], 
#                                    [
#                                        "em05_011_s006_0013_0015.dat"
#                                    ], 
#                                    [
#                                        "em05_011_s006_0014_0015.dat"
#                                    ], 
#                                    [
#                                        "em05_011_s006_0015_0015.dat"
#                                    ], 
#                                    [
#                                        "em05_011_s006_0016_0015.dat"
#                                    ], 
#                                    [
#                                        "em05_011_s006_0017_0015.dat"
#                                    ], 
#                                    [
#                                        "em05_011_s006_0018_0015.dat"
#                                    ]
#                                ]
#                            }
#                        ]
#                    }
#                }
#            ], 
#            [
#                "em05_011_s006_0005_0016.dat", 
#                {
#                    "subtraction": {
#                        "initial_file": [
#                            "em05_011_s006_0005_0016.dat", 
#                            {
#                                "averaged_files": [
#                                    [
#                                        "em05_011_s006_0005_0016.dat"
#                                    ], 
#                                    [
#                                        "em05_011_s006_0006_0016.dat"
#                                    ], 
#                                    [
#                                        "em05_011_s006_0008_0016.dat"
#                                    ], 
#                                    [
#                                        "em05_011_s006_0009_0016.dat"
#                                    ]
#                                ]
#                            }
#                        ], 
#                        "subtracted_file": [
#                            "em05_011_s006_avg_0016.dat", 
#                            {
#                                "averaged_files": [
#                                    [
#                                        "em05_011_s006_0001_0016.dat"
#                                    ], 
#                                    [
#                                        "em05_011_s006_0002_0016.dat"
#                                    ], 
#                                    [
#                                        "em05_011_s006_0003_0016.dat"
#                                    ], 
#                                    [
#                                        "em05_011_s006_0013_0016.dat"
#                                    ], 
#                                    [
#                                        "em05_011_s006_0014_0016.dat"
#                                    ], 
#                                    [
#                                        "em05_011_s006_0015_0016.dat"
#                                    ], 
#                                    [
#                                        "em05_011_s006_0016_0016.dat"
#                                    ], 
#                                    [
#                                        "em05_011_s006_0017_0016.dat"
#                                    ], 
#                                    [
#                                        "em05_011_s006_0018_0016.dat"
#                                    ]
#                                ]
#                            }
#                        ]
#                    }
#                }
#            ], 
#            [
#                "em05_011_s006_0005_0017.dat", 
#                {
#                    "subtraction": {
#                        "initial_file": [
#                            "em05_011_s006_0005_0017.dat", 
#                            {
#                                "averaged_files": [
#                                    [
#                                        "em05_011_s006_0005_0017.dat"
#                                    ], 
#                                    [
#                                        "em05_011_s006_0009_0017.dat"
#                                    ]
#                                ]
#                            }
#                        ], 
#                        "subtracted_file": [
#                            "em05_011_s006_avg_0017.dat", 
#                            {
#                                "averaged_files": [
#                                    [
#                                        "em05_011_s006_0001_0017.dat"
#                                    ], 
#                                    [
#                                        "em05_011_s006_0002_0017.dat"
#                                    ], 
#                                    [
#                                        "em05_011_s006_0003_0017.dat"
#                                    ], 
#                                    [
#                                        "em05_011_s006_0013_0017.dat"
#                                    ], 
#                                    [
#                                        "em05_011_s006_0014_0017.dat"
#                                    ], 
#                                    [
#                                        "em05_011_s006_0015_0017.dat"
#                                    ], 
#                                    [
#                                        "em05_011_s006_0016_0017.dat"
#                                    ], 
#                                    [
#                                        "em05_011_s006_0017_0017.dat"
#                                    ], 
#                                    [
#                                        "em05_011_s006_0018_0017.dat"
#                                    ]
#                                ]
#                            }
#                        ]
#                    }
#                }
#            ]
#        ]
#    }, 
#    "imageHeader": {
#        "Count_cutoff": "921498 counts", 
#        "Excluded_pixels": "badpix_mask.tif", 
#        "Exposure_period": "0.1000000 s", 
#        "Exposure_time": "0.0950000 s", 
#        "Flat_field": "FF_p10-0130_E12000_T6000_vrf_m0p100.tif", 
#        "Gain_setting": "autog (vrf = 1.000)", 
#        "Image_path": "/ramdisk/martin_laminar/em05/", 
#        "N_excluded_pixels": "35", 
#        "Pixel_size": "172e-6 m x 172e-6 m", 
#        "Ratecorr_lut_directory": "ContinuousStandard_v1.1", 
#        "Retrigger_mode": "1", 
#        "Silicon": "sensor, thickness 0.000450 m", 
#        "Tau": "0 s", 
#        "Threshold_setting": "6000 eV", 
#        "Trim_file": "p10-0130_E12000_T6000.bin"
#    }, 
#    "metadata": {
#        "Detector": "Pilatus3 X 1M"
#    }, 
#    "normalizations": {
#        "Absolute_scale": {
#            "Absolute_scale_factor": 363.261674964, 
#            "Ignore_background": true, 
#            "Sample_thickness_[mm]": 1.0
#        }, 
#        "Counter_norms": [
#            [
#                "/", 
#                "I1"
#            ]
#        ], 
#        "Solid_Angle_Correction": "On"
#    }, 
#    "raw_version": "1.6.3", 
#    "scan_time": 27.43776552999993
#}

